-0.000066 -0.014850 -0.007856 -0.017440 0.000092 -0.000004 0.000000 0.006600 0.000000 0.000000 0.000000 0.000000 0.000000 
-0.000066 -0.014850 -0.007856 -0.017439 0.000092 -0.000004 0.000000 0.006600 0.000000 0.000000 0.000000 0.000000 0.000000 
-0.000066 -0.014850 -0.007855 -0.017439 0.000092 -0.000004 0.000000 0.006600 0.000000 0.000000 0.000000 0.000000 0.000000 
-0.000066 -0.014849 -0.007854 -0.017436 0.000092 -0.000004 0.000000 0.006600 0.000000 0.000000 0.000000 0.000000 0.000000 
-0.000066 -0.014848 -0.007853 -0.017435 0.000092 -0.000004 0.000000 0.006600 0.000000 0.000000 0.000000 0.000000 0.000000 
-0.000066 -0.014847 -0.007850 -0.017434 0.000092 -0.000004 0.000000 0.006600 0.000000 0.000000 0.000000 0.000000 0.000000 
-0.000066 -0.014846 -0.007848 -0.017432 0.000092 -0.000004 0.000000 0.006600 0.000000 0.000000 0.000000 0.000000 0.000000 
-0.000066 -0.014845 -0.007845 -0.017431 0.000092 -0.000004 0.000000 0.006600 0.000000 0.000000 0.000000 0.000000 0.000000 
-0.000066 -0.014844 -0.007842 -0.017430 0.000092 -0.000004 0.000000 0.006600 0.000000 0.000000 0.000000 0.000000 0.000000 
-0.000066 -0.014843 -0.007840 -0.017429 0.000092 -0.000004 0.000000 0.006600 0.000000 0.000000 0.000000 0.000000 0.000000 
-0.000066 -0.014842 -0.007838 -0.017429 0.000092 -0.000004 0.000000 0.006600 0.000000 0.000000 0.000000 0.000000 0.000000 
-0.000066 -0.014841 -0.007837 -0.017428 0.000092 -0.000004 0.000000 0.006600 0.000000 0.000000 0.000000 0.000000 0.000000 
-0.000066 -0.014840 -0.007835 -0.017428 0.000091 -0.000004 0.000000 0.006600 0.000000 0.000000 0.000000 0.000000 0.000000 
-0.000066 -0.014838 -0.007833 -0.017428 0.000091 -0.000004 0.000000 0.006600 0.000000 0.000000 0.000000 0.000000 0.000000 
-0.000066 -0.014838 -0.007832 -0.017428 0.000091 -0.000004 0.000000 0.006600 0.000000 0.000000 0.000000 0.000000 0.000000 
-0.000066 -0.014837 -0.007831 -0.017426 0.000092 -0.000004 0.000000 0.006600 0.000000 0.000000 0.000000 0.000000 0.000000 
-0.000066 -0.014837 -0.007830 -0.017426 0.000092 -0.000004 0.000000 0.006600 0.000000 0.000000 0.000000 0.000000 0.000000 
-0.000066 -0.014837 -0.007829 -0.017426 0.000091 -0.000004 0.000000 0.006600 0.000000 0.000000 0.000000 0.000000 0.000000 
-0.000066 -0.014837 -0.007829 -0.017427 0.000091 -0.000004 0.000000 0.006600 0.000000 0.000000 0.000000 0.000000 0.000000 
-0.000066 -0.014836 -0.007829 -0.017426 0.000091 -0.000004 0.000000 0.006600 0.000000 0.000000 0.000000 0.000000 0.000000 
-0.000066 -0.014836 -0.007829 -0.017425 0.000091 -0.000004 0.000000 0.006600 0.000000 0.000000 0.000000 0.000000 0.000000 
-0.000066 -0.014836 -0.007829 -0.017425 0.000091 -0.000004 0.000000 0.006600 0.000000 0.000000 0.000000 0.000000 0.000000 
-0.000066 -0.014837 -0.007829 -0.017426 0.000091 -0.000004 0.000000 0.006600 0.000000 0.000000 0.000000 0.000000 0.000000 
-0.000066 -0.014838 -0.007830 -0.017424 0.000092 -0.000004 0.000000 0.006600 0.000000 0.000000 0.000000 0.000000 0.000000 
-0.000066 -0.014838 -0.007831 -0.017424 0.000092 -0.000004 0.000000 0.006600 0.000000 0.000000 0.000000 0.000000 0.000000 
-0.000066 -0.014838 -0.007831 -0.017425 0.000092 -0.000004 0.000000 0.006600 0.000000 0.000000 0.000000 0.000000 0.000000 
-0.000066 -0.014839 -0.007832 -0.017427 0.000091 -0.000004 0.000000 0.006600 0.000000 0.000000 0.000000 0.000000 0.000000 
-0.000066 -0.014839 -0.007833 -0.017426 0.000092 -0.000004 0.000000 0.006600 0.000000 0.000000 0.000000 0.000000 0.000000 
-0.000066 -0.014840 -0.007834 -0.017427 0.000092 -0.000004 0.000000 0.006600 0.000000 0.000000 0.000000 0.000000 0.000000 
-0.000066 -0.014840 -0.007835 -0.017426 0.000091 -0.000004 0.000000 0.006600 0.000000 0.000000 0.000000 0.000000 0.000000 
-0.000066 -0.014840 -0.007836 -0.017426 0.000091 -0.000004 0.000000 0.006600 0.000000 0.000000 0.000000 0.000000 0.000000 
-0.000066 -0.014840 -0.007836 -0.017428 0.000091 -0.000004 0.000000 0.006600 0.000000 0.000000 0.000000 0.000000 0.000000 
-0.000066 -0.014841 -0.007837 -0.017428 0.000091 -0.000004 0.000000 0.006600 0.000000 0.000000 0.000000 0.000000 0.000000 
-0.000066 -0.014841 -0.007838 -0.017428 0.000091 -0.000004 0.000000 0.006600 0.000000 0.000000 0.000000 0.000000 0.000000 
-0.000066 -0.014841 -0.007839 -0.017429 0.000091 -0.000004 0.000000 0.006600 0.000000 0.000000 0.000000 0.000000 0.000000 
-0.000066 -0.014842 -0.007840 -0.017429 0.000091 -0.000004 0.000000 0.006600 0.000000 0.000000 0.000000 0.000000 0.000000 
-0.000066 -0.014842 -0.007841 -0.017429 0.000091 -0.000004 0.000000 0.006600 0.000000 0.000000 0.000000 0.000000 0.000000 
-0.000066 -0.014842 -0.007841 -0.017430 0.000091 -0.000004 0.000000 0.006600 0.000000 0.000000 0.000000 0.000000 0.000000 
-0.000066 -0.014842 -0.007842 -0.017430 0.000090 -0.000004 0.000000 0.006600 0.000000 0.000000 0.000000 0.000000 0.000000 
-0.000066 -0.014842 -0.007843 -0.017431 0.000090 -0.000004 0.000000 0.006600 0.000000 0.000000 0.000000 0.000000 0.000000 
-0.000066 -0.014842 -0.007843 -0.017432 0.000090 -0.000004 0.000000 0.006600 0.000000 0.000000 0.000000 0.000000 0.000000 
-0.000066 -0.014842 -0.007845 -0.017431 0.000090 -0.000004 0.000000 0.006600 0.000000 0.000000 0.000000 0.000000 0.000000 
-0.000066 -0.014842 -0.007845 -0.017432 0.000090 -0.000004 0.000000 0.006600 0.000000 0.000000 0.000000 0.000000 0.000000 
-0.000066 -0.014842 -0.007846 -0.017431 0.000090 -0.000004 0.000000 0.006600 0.000000 0.000000 0.000000 0.000000 0.000000 
-0.000066 -0.014842 -0.007846 -0.017431 0.000090 -0.000004 0.000000 0.006600 0.000000 0.000000 0.000000 0.000000 0.000000 
-0.000066 -0.014842 -0.007846 -0.017431 0.000090 -0.000004 0.000000 0.006600 0.000000 0.000000 0.000000 0.000000 0.000000 
-0.000066 -0.014842 -0.007846 -0.017432 0.000090 -0.000004 0.000000 0.006600 0.000000 0.000000 0.000000 0.000000 0.000000 
-0.000065 -0.014842 -0.007847 -0.017431 0.000090 -0.000004 0.000000 0.006600 0.000000 0.000000 0.000000 0.000000 0.000000 
-0.000066 -0.014842 -0.007847 -0.017432 0.000090 -0.000004 0.000000 0.006600 0.000000 0.000000 0.000000 0.000000 0.000000 
-0.000065 -0.014842 -0.007848 -0.017431 0.000089 -0.000004 0.000000 0.006600 0.000000 0.000000 0.000000 0.000000 0.000000 
-0.000065 -0.014842 -0.007848 -0.017432 0.000089 -0.000004 0.000000 0.006600 0.000000 0.000000 0.000000 0.000000 0.000000 
-0.000065 -0.014842 -0.007848 -0.017431 0.000089 -0.000004 0.000000 0.006600 0.000000 0.000000 0.000000 0.000000 0.000000 
-0.000065 -0.014842 -0.007848 -0.017432 0.000089 -0.000004 0.000000 0.006600 0.000000 0.000000 0.000000 0.000000 0.000000 
-0.000065 -0.014842 -0.007848 -0.017431 0.000089 -0.000004 0.000000 0.006600 0.000000 0.000000 0.000000 0.000000 0.000000 
-0.000065 -0.014842 -0.007848 -0.017431 0.000089 -0.000004 0.000000 0.006600 0.000000 0.000000 0.000000 0.000000 0.000000 
-0.000065 -0.014842 -0.007849 -0.017430 0.000089 -0.000004 0.000000 0.006600 0.000000 0.000000 0.000000 0.000000 0.000000 
-0.000065 -0.014842 -0.007849 -0.017429 0.000089 -0.000004 0.000000 0.006600 0.000000 0.000000 0.000000 0.000000 0.000000 
-0.000065 -0.014842 -0.007848 -0.017429 0.000089 -0.000004 0.000000 0.006600 0.000000 0.000000 0.000000 0.000000 0.000000 
-0.000065 -0.014842 -0.007849 -0.017429 0.000089 -0.000004 0.000000 0.006600 0.000000 0.000000 0.000000 0.000000 0.000000 
-0.000065 -0.014842 -0.007849 -0.017429 0.000089 -0.000004 0.000000 0.006600 0.000000 0.000000 0.000000 0.000000 0.000000 
-0.000065 -0.014841 -0.007849 -0.017429 0.000089 -0.000004 0.000000 0.006600 0.000000 0.000000 0.000000 0.000000 0.000000 
-0.000065 -0.014841 -0.007848 -0.017429 0.000089 -0.000004 0.000000 0.006600 0.000000 0.000000 0.000000 0.000000 0.000000 
-0.000065 -0.014841 -0.007848 -0.017430 0.000089 -0.000004 0.000000 0.006600 0.000000 0.000000 0.000000 0.000000 0.000000 
-0.000065 -0.014840 -0.007848 -0.017428 0.000089 -0.000004 0.000000 0.006600 0.000000 0.000000 0.000000 0.000000 0.000000 
-0.000065 -0.014840 -0.007848 -0.017428 0.000089 -0.000004 0.000000 0.006600 0.000000 0.000000 0.000000 0.000000 0.000000 
-0.000065 -0.014840 -0.007847 -0.017428 0.000089 -0.000004 0.000000 0.006600 0.000000 0.000000 0.000000 0.000000 0.000000 
-0.000065 -0.014839 -0.007848 -0.017427 0.000089 -0.000004 0.000000 0.006600 0.000000 0.000000 0.000000 0.000000 0.000000 
-0.000065 -0.014839 -0.007847 -0.017427 0.000089 -0.000004 0.000000 0.006600 0.000000 0.000000 0.000000 0.000000 0.000000 
-0.000065 -0.014838 -0.007847 -0.017427 0.000089 -0.000004 0.000000 0.006600 0.000000 0.000000 0.000000 0.000000 0.000000 
-0.000065 -0.014838 -0.007846 -0.017427 0.000089 -0.000004 0.000000 0.006600 0.000000 0.000000 0.000000 0.000000 0.000000 
-0.000065 -0.014838 -0.007846 -0.017427 0.000089 -0.000004 0.000000 0.006600 0.000000 0.000000 0.000000 0.000000 0.000000 
-0.000065 -0.014838 -0.007846 -0.017425 0.000089 -0.000004 0.000000 0.006600 0.000000 0.000000 0.000000 0.000000 0.000000 
-0.000065 -0.014837 -0.007846 -0.017425 0.000089 -0.000004 0.000000 0.006600 0.000000 0.000000 0.000000 0.000000 0.000000 
-0.000065 -0.014837 -0.007845 -0.017424 0.000089 -0.000004 0.000000 0.006600 0.000000 0.000000 0.000000 0.000000 0.000000 
-0.000065 -0.014837 -0.007845 -0.017424 0.000089 -0.000004 0.000000 0.006600 0.000000 0.000000 0.000000 0.000000 0.000000 
-0.000065 -0.014836 -0.007845 -0.017423 0.000089 -0.000004 0.000000 0.006600 0.000000 0.000000 0.000000 0.000000 0.000000 
-0.000065 -0.014836 -0.007845 -0.017422 0.000090 -0.000004 0.000000 0.006600 0.000000 0.000000 0.000000 0.000000 0.000000 
-0.000065 -0.014836 -0.007845 -0.017421 0.000090 -0.000004 0.000000 0.006600 0.000000 0.000000 0.000000 0.000000 0.000000 
-0.000065 -0.014836 -0.007845 -0.017421 0.000090 -0.000004 0.000000 0.006600 0.000000 0.000000 0.000000 0.000000 0.000000 
-0.000065 -0.014836 -0.007845 -0.017419 0.000090 -0.000004 0.000000 0.006600 0.000000 0.000000 0.000000 0.000000 0.000000 
-0.000065 -0.014836 -0.007845 -0.017419 0.000090 -0.000004 0.000000 0.006600 0.000000 0.000000 0.000000 0.000000 0.000000 
-0.000065 -0.014836 -0.007844 -0.017418 0.000090 -0.000004 0.000000 0.006600 0.000000 0.000000 0.000000 0.000000 0.000000 
-0.000065 -0.014835 -0.007844 -0.017417 0.000090 -0.000004 0.000000 0.006600 0.000000 0.000000 0.000000 0.000000 0.000000 
-0.000065 -0.014835 -0.007843 -0.017417 0.000090 -0.000004 0.000000 0.006600 0.000000 0.000000 0.000000 0.000000 0.000000 
-0.000065 -0.014834 -0.007843 -0.017416 0.000090 -0.000004 0.000000 0.006600 0.000000 0.000000 0.000000 0.000000 0.000000 
-0.000065 -0.014833 -0.007842 -0.017417 0.000090 -0.000004 0.000000 0.006600 0.000000 0.000000 0.000000 0.000000 0.000000 
-0.000065 -0.014833 -0.007842 -0.017417 0.000090 -0.000004 0.000000 0.006600 0.000000 0.000000 0.000000 0.000000 0.000000 
-0.000065 -0.014832 -0.007842 -0.017416 0.000090 -0.000004 0.000000 0.006600 0.000000 0.000000 0.000000 0.000000 0.000000 
-0.000066 -0.014832 -0.007842 -0.017416 0.000090 -0.000004 0.000000 0.006600 0.000000 0.000000 0.000000 0.000000 0.000000 
-0.000065 -0.014831 -0.007841 -0.017415 0.000090 -0.000004 0.000000 0.006600 0.000000 0.000000 0.000000 0.000000 0.000000 
-0.000065 -0.014830 -0.007841 -0.017416 0.000090 -0.000004 0.000000 0.006600 0.000000 0.000000 0.000000 0.000000 0.000000 
-0.000065 -0.014830 -0.007840 -0.017415 0.000090 -0.000004 0.000000 0.006600 0.000000 0.000000 0.000000 0.000000 0.000000 
-0.000065 -0.014829 -0.007840 -0.017414 0.000090 -0.000004 0.000000 0.006600 0.000000 0.000000 0.000000 0.000000 0.000000 
-0.000066 -0.014829 -0.007840 -0.017414 0.000090 -0.000004 0.000000 0.006600 0.000000 0.000000 0.000000 0.000000 0.000000 
-0.000065 -0.014828 -0.007839 -0.017414 0.000090 -0.000004 0.000000 0.006600 0.000000 0.000000 0.000000 0.000000 0.000000 
-0.000065 -0.014828 -0.007839 -0.017412 0.000090 -0.000004 0.000000 0.006600 0.000000 0.000000 0.000000 0.000000 0.000000 
-0.000066 -0.014828 -0.007838 -0.017412 0.000090 -0.000004 0.000000 0.006600 0.000000 0.000000 0.000000 0.000000 0.000000 
-0.000066 -0.014827 -0.007838 -0.017411 0.000090 -0.000004 0.000000 0.006600 0.000000 0.000000 0.000000 0.000000 0.000000 
-0.000065 -0.014826 -0.007838 -0.017411 0.000090 -0.000004 0.000000 0.006600 0.000000 0.000000 0.000000 0.000000 0.000000 
-0.000066 -0.014826 -0.007837 -0.017410 0.000090 -0.000004 0.000000 0.006600 0.000000 0.000000 0.000000 0.000000 0.000000 
-0.000066 -0.014826 -0.007837 -0.017411 0.000090 -0.000004 0.000000 0.006600 0.000000 0.000000 0.000000 0.000000 0.000000 
-0.000066 -0.014825 -0.007836 -0.017409 0.000090 -0.000004 0.000000 0.006600 0.000000 0.000000 0.000000 0.000000 0.000000 
-0.000065 -0.014824 -0.007835 -0.017410 0.000090 -0.000004 0.000000 0.006600 0.000000 0.000000 0.000000 0.000000 0.000000 
-0.000066 -0.014824 -0.007835 -0.017409 0.000090 -0.000003 0.000000 0.006600 0.000000 0.000000 0.000000 0.000000 0.000000 
-0.000065 -0.014824 -0.007835 -0.017409 0.000090 -0.000003 0.000000 0.006600 0.000000 0.000000 0.000000 0.000000 0.000000 
-0.000065 -0.014823 -0.007834 -0.017408 0.000090 -0.000003 0.000000 0.006600 0.000000 0.000000 0.000000 0.000000 0.000000 
-0.000065 -0.014823 -0.007833 -0.017408 0.000090 -0.000003 0.000000 0.006600 0.000000 0.000000 0.000000 0.000000 0.000000 
-0.000065 -0.014823 -0.007833 -0.017407 0.000090 -0.000003 0.000000 0.006600 0.000000 0.000000 0.000000 0.000000 0.000000 
-0.000065 -0.014822 -0.007833 -0.017406 0.000090 -0.000003 0.000000 0.006600 0.000000 0.000000 0.000000 0.000000 0.000000 
-0.000066 -0.014822 -0.007832 -0.017406 0.000090 -0.000003 0.000000 0.006600 0.000000 0.000000 0.000000 0.000000 0.000000 
-0.000065 -0.014821 -0.007831 -0.017406 0.000090 -0.000003 0.000000 0.006600 0.000000 0.000000 0.000000 0.000000 0.000000 
-0.000065 -0.014821 -0.007831 -0.017405 0.000090 -0.000003 0.000000 0.006600 0.000000 0.000000 0.000000 0.000000 0.000000 
-0.000066 -0.014821 -0.007830 -0.017404 0.000090 -0.000003 0.000000 0.006600 0.000000 0.000000 0.000000 0.000000 0.000000 
-0.000065 -0.014821 -0.007830 -0.017403 0.000090 -0.000003 0.000000 0.006600 0.000000 0.000000 0.000000 0.000000 0.000000 
-0.000066 -0.014820 -0.007830 -0.017403 0.000090 -0.000003 0.000000 0.006600 0.000000 0.000000 0.000000 0.000000 0.000000 
-0.000066 -0.014820 -0.007829 -0.017401 0.000090 -0.000003 0.000000 0.006600 0.000000 0.000000 0.000000 0.000000 0.000000 
-0.000066 -0.014820 -0.007829 -0.017401 0.000090 -0.000003 0.000000 0.006600 0.000000 0.000000 0.000000 0.000000 0.000000 
-0.000066 -0.014820 -0.007829 -0.017399 0.000090 -0.000003 0.000000 0.006600 0.000000 0.000000 0.000000 0.000000 0.000000 
-0.000066 -0.014819 -0.007828 -0.017399 0.000091 -0.000003 0.000000 0.006600 0.000000 0.000000 0.000000 0.000000 0.000000 
-0.000066 -0.014819 -0.007828 -0.017397 0.000091 -0.000003 0.000000 0.006600 0.000000 0.000000 0.000000 0.000000 0.000000 
-0.000066 -0.014819 -0.007827 -0.017398 0.000091 -0.000003 0.000000 0.006600 0.000000 0.000000 0.000000 0.000000 0.000000 
-0.000066 -0.014818 -0.007827 -0.017396 0.000091 -0.000003 0.000000 0.006600 0.000000 0.000000 0.000000 0.000000 0.000000 
-0.000066 -0.014818 -0.007826 -0.017396 0.000091 -0.000003 0.000000 0.006600 0.000000 0.000000 0.000000 0.000000 0.000000 
-0.000066 -0.014817 -0.007826 -0.017395 0.000091 -0.000003 0.000000 0.006600 0.000000 0.000000 0.000000 0.000000 0.000000 
-0.000066 -0.014817 -0.007826 -0.017395 0.000091 -0.000003 0.000000 0.006600 0.000000 0.000000 0.000000 0.000000 0.000000 
-0.000066 -0.014816 -0.007825 -0.017394 0.000091 -0.000003 0.000000 0.006600 0.000000 0.000000 0.000000 0.000000 0.000000 
-0.000066 -0.014815 -0.007825 -0.017395 0.000091 -0.000003 0.000000 0.006600 0.000000 0.000000 0.000000 0.000000 0.000000 
-0.000066 -0.014815 -0.007824 -0.017395 0.000091 -0.000003 0.000000 0.006600 0.000000 0.000000 0.000000 0.000000 0.000000 
-0.000066 -0.014815 -0.007824 -0.017396 0.000091 -0.000003 0.000000 0.006600 0.000000 0.000000 0.000000 0.000000 0.000000 
-0.000066 -0.014814 -0.007824 -0.017396 0.000091 -0.000003 0.000000 0.006600 0.000000 0.000000 0.000000 0.000000 0.000000 
-0.000066 -0.014814 -0.007824 -0.017396 0.000091 -0.000003 0.000000 0.006600 0.000000 0.000000 0.000000 0.000000 0.000000 
-0.000066 -0.014813 -0.007824 -0.017396 0.000091 -0.000003 0.000000 0.006600 0.000000 0.000000 0.000000 0.000000 0.000000 
-0.000066 -0.014813 -0.007823 -0.017396 0.000091 -0.000003 0.000000 0.006600 0.000000 0.000000 0.000000 0.000000 0.000000 
-0.000066 -0.014812 -0.007823 -0.017397 0.000091 -0.000003 0.000000 0.006600 0.000000 0.000000 0.000000 0.000000 0.000000 
-0.000066 -0.014812 -0.007823 -0.017397 0.000091 -0.000003 0.000000 0.006600 0.000000 0.000000 0.000000 0.000000 0.000000 
-0.000066 -0.014812 -0.007822 -0.017396 0.000091 -0.000003 0.000000 0.006600 0.000000 0.000000 0.000000 0.000000 0.000000 
-0.000066 -0.014811 -0.007822 -0.017396 0.000091 -0.000003 0.000000 0.006600 0.000000 0.000000 0.000000 0.000000 0.000000 
-0.000066 -0.014810 -0.007821 -0.017396 0.000091 -0.000003 0.000000 0.006600 0.000000 0.000000 0.000000 0.000000 0.000000 
-0.000066 -0.014810 -0.007821 -0.017396 0.000091 -0.000003 0.000000 0.006600 0.000000 0.000000 0.000000 0.000000 0.000000 
-0.000066 -0.014809 -0.007820 -0.017396 0.000091 -0.000003 0.000000 0.006600 0.000000 0.000000 0.000000 0.000000 0.000000 
-0.000066 -0.014809 -0.007820 -0.017395 0.000091 -0.000003 0.000000 0.006600 0.000000 0.000000 0.000000 0.000000 0.000000 
-0.000066 -0.014808 -0.007819 -0.017395 0.000091 -0.000003 0.000000 0.006600 0.000000 0.000000 0.000000 0.000000 0.000000 
-0.000066 -0.014808 -0.007818 -0.017395 0.000091 -0.000003 0.000000 0.006600 0.000000 0.000000 0.000000 0.000000 0.000000 
-0.000066 -0.014807 -0.007818 -0.017394 0.000091 -0.000003 0.000000 0.006600 0.000000 0.000000 0.000000 0.000000 0.000000 
-0.000066 -0.014806 -0.007817 -0.017394 0.000091 -0.000003 0.000000 0.006600 0.000000 0.000000 0.000000 0.000000 0.000000 
-0.000066 -0.014806 -0.007816 -0.017394 0.000090 -0.000003 0.000000 0.006600 0.000000 0.000000 0.000000 0.000000 0.000000 
-0.000066 -0.014805 -0.007816 -0.017393 0.000090 -0.000003 0.000000 0.006600 0.000000 0.000000 0.000000 0.000000 0.000000 
-0.000066 -0.014805 -0.007815 -0.017392 0.000090 -0.000003 0.000000 0.006600 0.000000 0.000000 0.000000 0.000000 0.000000 
-0.000066 -0.014805 -0.007814 -0.017392 0.000090 -0.000003 0.000000 0.006600 0.000000 0.000000 0.000000 0.000000 0.000000 
-0.000065 -0.014804 -0.007813 -0.017392 0.000090 -0.000003 0.000000 0.006600 0.000000 0.000000 0.000000 0.000000 0.000000 
-0.000066 -0.014804 -0.007813 -0.017391 0.000090 -0.000003 0.000000 0.006600 0.000000 0.000000 0.000000 0.000000 0.000000 
-0.000065 -0.014804 -0.007812 -0.017391 0.000090 -0.000003 0.000000 0.006600 0.000000 0.000000 0.000000 0.000000 0.000000 
-0.000065 -0.014804 -0.007811 -0.017390 0.000090 -0.000003 0.000000 0.006600 0.000000 0.000000 0.000000 0.000000 0.000000 
-0.000065 -0.014804 -0.007811 -0.017389 0.000090 -0.000003 0.000000 0.006600 0.000000 0.000000 0.000000 0.000000 0.000000 
-0.000066 -0.014804 -0.007811 -0.017388 0.000090 -0.000003 0.000000 0.006600 0.000000 0.000000 0.000000 0.000000 0.000000 
-0.000066 -0.014804 -0.007810 -0.017387 0.000090 -0.000003 0.000000 0.006600 0.000000 0.000000 0.000000 0.000000 0.000000 
-0.000066 -0.014804 -0.007810 -0.017387 0.000090 -0.000003 0.000000 0.006600 0.000000 0.000000 0.000000 0.000000 0.000000 
-0.000065 -0.014804 -0.007809 -0.017386 0.000090 -0.000003 0.000000 0.006600 0.000000 0.000000 0.000000 0.000000 0.000000 
-0.000065 -0.014804 -0.007809 -0.017385 0.000090 -0.000003 0.000000 0.006600 0.000000 0.000000 0.000000 0.000000 0.000000 
-0.000066 -0.014804 -0.007808 -0.017384 0.000091 -0.000003 0.000000 0.006600 0.000000 0.000000 0.000000 0.000000 0.000000 
-0.000066 -0.014804 -0.007808 -0.017384 0.000091 -0.000003 0.000000 0.006600 0.000000 0.000000 0.000000 0.000000 0.000000 
-0.000066 -0.014803 -0.007808 -0.017383 0.000091 -0.000003 0.000000 0.006600 0.000000 0.000000 0.000000 0.000000 0.000000 
-0.000066 -0.014803 -0.007808 -0.017382 0.000091 -0.000003 0.000000 0.006600 0.000000 0.000000 0.000000 0.000000 0.000000 
-0.000066 -0.014804 -0.007808 -0.017381 0.000091 -0.000003 0.000000 0.006600 0.000000 0.000000 0.000000 0.000000 0.000000 
-0.000066 -0.014804 -0.007807 -0.017381 0.000091 -0.000003 0.000000 0.006600 0.000000 0.000000 0.000000 0.000000 0.000000 
-0.000066 -0.014804 -0.007807 -0.017380 0.000091 -0.000003 0.000000 0.006600 0.000000 0.000000 0.000000 0.000000 0.000000 
-0.000066 -0.014804 -0.007807 -0.017380 0.000091 -0.000003 0.000000 0.006600 0.000000 0.000000 0.000000 0.000000 0.000000 
-0.000066 -0.014804 -0.007807 -0.017380 0.000091 -0.000003 0.000000 0.006600 0.000000 0.000000 0.000000 0.000000 0.000000 
-0.000066 -0.014804 -0.007806 -0.017380 0.000091 -0.000003 0.000000 0.006600 0.000000 0.000000 0.000000 0.000000 0.000000 
-0.000066 -0.014804 -0.007807 -0.017379 0.000091 -0.000003 0.000000 0.006600 0.000000 0.000000 0.000000 0.000000 0.000000 
-0.000066 -0.014803 -0.007807 -0.017379 0.000091 -0.000003 0.000000 0.006600 0.000000 0.000000 0.000000 0.000000 0.000000 
-0.000066 -0.014803 -0.007806 -0.017378 0.000092 -0.000003 0.000000 0.006600 0.000000 0.000000 0.000000 0.000000 0.000000 
-0.000066 -0.014803 -0.007807 -0.017378 0.000092 -0.000003 0.000000 0.006600 0.000000 0.000000 0.000000 0.000000 0.000000 
-0.000066 -0.014803 -0.007806 -0.017377 0.000092 -0.000003 0.000000 0.006600 0.000000 0.000000 0.000000 0.000000 0.000000 
-0.000066 -0.014803 -0.007807 -0.017377 0.000092 -0.000003 0.000000 0.006600 0.000000 0.000000 0.000000 0.000000 0.000000 
-0.000066 -0.014803 -0.007806 -0.017376 0.000092 -0.000003 0.000000 0.006600 0.000000 0.000000 0.000000 0.000000 0.000000 
-0.000066 -0.014803 -0.007806 -0.017376 0.000092 -0.000003 0.000000 0.006600 0.000000 0.000000 0.000000 0.000000 0.000000 
-0.000066 -0.014802 -0.007807 -0.017376 0.000093 -0.000003 0.000000 0.006600 0.000000 0.000000 0.000000 0.000000 0.000000 
-0.000066 -0.014802 -0.007806 -0.017375 0.000093 -0.000003 0.000000 0.006600 0.000000 0.000000 0.000000 0.000000 0.000000 
-0.000066 -0.014802 -0.007806 -0.017375 0.000093 -0.000003 0.000000 0.006600 0.000000 0.000000 0.000000 0.000000 0.000000 
-0.000066 -0.014802 -0.007806 -0.017375 0.000093 -0.000003 0.000000 0.006600 0.000000 0.000000 0.000000 0.000000 0.000000 
-0.000066 -0.014802 -0.007806 -0.017376 0.000093 -0.000003 0.000000 0.006600 0.000000 0.000000 0.000000 0.000000 0.000000 
-0.000066 -0.014802 -0.007806 -0.017375 0.000093 -0.000003 0.000000 0.006600 0.000000 0.000000 0.000000 0.000000 0.000000 
-0.000066 -0.014802 -0.007806 -0.017375 0.000093 -0.000003 0.000000 0.006600 0.000000 0.000000 0.000000 0.000000 0.000000 
-0.000066 -0.014802 -0.007806 -0.017375 0.000093 -0.000003 0.000000 0.006600 0.000000 0.000000 0.000000 0.000000 0.000000 
-0.000067 -0.014802 -0.007806 -0.017376 0.000093 -0.000003 0.000000 0.006600 0.000000 0.000000 0.000000 0.000000 0.000000 
-0.000067 -0.014802 -0.007806 -0.017376 0.000093 -0.000003 0.000000 0.006600 0.000000 0.000000 0.000000 0.000000 0.000000 
-0.000066 -0.014802 -0.007806 -0.017376 0.000093 -0.000003 0.000000 0.006600 0.000000 0.000000 0.000000 0.000000 0.000000 
-0.000066 -0.014802 -0.007806 -0.017376 0.000093 -0.000003 0.000000 0.006600 0.000000 0.000000 0.000000 0.000000 0.000000 
-0.000066 -0.014801 -0.007806 -0.017377 0.000093 -0.000003 0.000000 0.006600 0.000000 0.000000 0.000000 0.000000 0.000000 
-0.000066 -0.014801 -0.007805 -0.017377 0.000093 -0.000003 0.000000 0.006600 0.000000 0.000000 0.000000 0.000000 0.000000 
-0.000066 -0.014800 -0.007805 -0.017378 0.000092 -0.000003 0.000000 0.006600 0.000000 0.000000 0.000000 0.000000 0.000000 
-0.000066 -0.014800 -0.007805 -0.017378 0.000092 -0.000003 0.000000 0.006600 0.000000 0.000000 0.000000 0.000000 0.000000 
-0.000066 -0.014799 -0.007805 -0.017378 0.000092 -0.000003 0.000000 0.006600 0.000000 0.000000 0.000000 0.000000 0.000000 
-0.000066 -0.014799 -0.007805 -0.017378 0.000092 -0.000003 0.000000 0.006600 0.000000 0.000000 0.000000 0.000000 0.000000 
-0.000066 -0.014798 -0.007805 -0.017378 0.000092 -0.000003 0.000000 0.006600 0.000000 0.000000 0.000000 0.000000 0.000000 
-0.000066 -0.014798 -0.007805 -0.017378 0.000092 -0.000003 0.000000 0.006600 0.000000 0.000000 0.000000 0.000000 0.000000 
-0.000066 -0.014798 -0.007805 -0.017378 0.000092 -0.000003 0.000000 0.006600 0.000000 0.000000 0.000000 0.000000 0.000000 
-0.000066 -0.014798 -0.007805 -0.017378 0.000092 -0.000003 0.000000 0.006600 0.000000 0.000000 0.000000 0.000000 0.000000 
-0.000066 -0.014798 -0.007805 -0.017378 0.000092 -0.000003 0.000000 0.006600 0.000000 0.000000 0.000000 0.000000 0.000000 
-0.000066 -0.014798 -0.007804 -0.017378 0.000092 -0.000003 0.000000 0.006600 0.000000 0.000000 0.000000 0.000000 0.000000 
-0.000066 -0.014799 -0.007805 -0.017377 0.000092 -0.000003 0.000000 0.006600 0.000000 0.000000 0.000000 0.000000 0.000000 
-0.000066 -0.014799 -0.007804 -0.017377 0.000092 -0.000003 0.000000 0.006600 0.000000 0.000000 0.000000 0.000000 0.000000 
-0.000066 -0.014799 -0.007805 -0.017377 0.000092 -0.000003 0.000000 0.006600 0.000000 0.000000 0.000000 0.000000 0.000000 
-0.000066 -0.014799 -0.007805 -0.017376 0.000092 -0.000003 0.000000 0.006600 0.000000 0.000000 0.000000 0.000000 0.000000 
-0.000066 -0.014799 -0.007805 -0.017376 0.000092 -0.000003 0.000000 0.006600 0.000000 0.000000 0.000000 0.000000 0.000000 
-0.000066 -0.014800 -0.007805 -0.017376 0.000092 -0.000003 0.000000 0.006600 0.000000 0.000000 0.000000 0.000000 0.000000 
-0.000066 -0.014799 -0.007805 -0.017377 0.000092 -0.000003 0.000000 0.006600 0.000000 0.000000 0.000000 0.000000 0.000000 
-0.000066 -0.014799 -0.007805 -0.017377 0.000092 -0.000003 0.000000 0.006600 0.000000 0.000000 0.000000 0.000000 0.000000 
-0.000066 -0.014799 -0.007805 -0.017377 0.000092 -0.000003 0.000000 0.006600 0.000000 0.000000 0.000000 0.000000 0.000000 
-0.000066 -0.014799 -0.007805 -0.017377 0.000092 -0.000003 0.000000 0.006600 0.000000 0.000000 0.000000 0.000000 0.000000 
-0.000066 -0.014799 -0.007805 -0.017377 0.000092 -0.000003 0.000000 0.006600 0.000000 0.000000 0.000000 0.000000 0.000000 
-0.000066 -0.014799 -0.007805 -0.017377 0.000092 -0.000003 0.000000 0.006600 0.000000 0.000000 0.000000 0.000000 0.000000 
-0.000066 -0.014798 -0.007805 -0.017376 0.000092 -0.000003 0.000000 0.006600 0.000000 0.000000 0.000000 0.000000 0.000000 
-0.000066 -0.014799 -0.007805 -0.017376 0.000092 -0.000003 0.000000 0.006600 0.000000 0.000000 0.000000 0.000000 0.000000 
-0.000066 -0.014798 -0.007805 -0.017376 0.000092 -0.000003 0.000000 0.006600 0.000000 0.000000 0.000000 0.000000 0.000000 
-0.000066 -0.014799 -0.007805 -0.017376 0.000092 -0.000003 0.000000 0.006600 0.000000 0.000000 0.000000 0.000000 0.000000 
-0.000066 -0.014799 -0.007805 -0.017376 0.000092 -0.000003 0.000000 0.006600 0.000000 0.000000 0.000000 0.000000 0.000000 
-0.000066 -0.014799 -0.007805 -0.017376 0.000092 -0.000003 0.000000 0.006600 0.000000 0.000000 0.000000 0.000000 0.000000 
-0.000066 -0.014799 -0.007805 -0.017376 0.000092 -0.000003 0.000000 0.006600 0.000000 0.000000 0.000000 0.000000 0.000000 
-0.000066 -0.014799 -0.007805 -0.017376 0.000092 -0.000003 0.000000 0.006600 0.000000 0.000000 0.000000 0.000000 0.000000 
-0.000066 -0.014799 -0.007805 -0.017376 0.000092 -0.000003 0.000000 0.006600 0.000000 0.000000 0.000000 0.000000 0.000000 
-0.000066 -0.014799 -0.007805 -0.017376 0.000092 -0.000003 0.000000 0.006600 0.000000 0.000000 0.000000 0.000000 0.000000 
-0.000066 -0.014799 -0.007805 -0.017376 0.000092 -0.000003 0.000000 0.006600 0.000000 0.000000 0.000000 0.000000 0.000000 
-0.000066 -0.014799 -0.007805 -0.017376 0.000092 -0.000003 0.000000 0.006600 0.000000 0.000000 0.000000 0.000000 0.000000 
-0.000066 -0.014798 -0.007805 -0.017376 0.000092 -0.000003 0.000000 0.006600 0.000000 0.000000 0.000000 0.000000 0.000000 
-0.000066 -0.014799 -0.007805 -0.017376 0.000092 -0.000003 0.000000 0.006600 0.000000 0.000000 0.000000 0.000000 0.000000 
-0.000066 -0.014799 -0.007805 -0.017376 0.000092 -0.000003 0.000000 0.006600 0.000000 0.000000 0.000000 0.000000 0.000000 
-0.000066 -0.014799 -0.007805 -0.017376 0.000092 -0.000003 0.000000 0.006600 0.000000 0.000000 0.000000 0.000000 0.000000 
-0.000066 -0.014798 -0.007805 -0.017376 0.000092 -0.000003 0.000000 0.006600 0.000000 0.000000 0.000000 0.000000 0.000000 
-0.000066 -0.014798 -0.007805 -0.017377 0.000092 -0.000003 0.000000 0.006600 0.000000 0.000000 0.000000 0.000000 0.000000 
-0.000066 -0.014799 -0.007805 -0.017377 0.000092 -0.000003 0.000000 0.006600 0.000000 0.000000 0.000000 0.000000 0.000000 
-0.000066 -0.014798 -0.007805 -0.017377 0.000092 -0.000003 0.000000 0.006600 0.000000 0.000000 0.000000 0.000000 0.000000 
-0.000066 -0.014799 -0.007805 -0.017376 0.000092 -0.000003 0.000000 0.006600 0.000000 0.000000 0.000000 0.000000 0.000000 
-0.000066 -0.014799 -0.007805 -0.017376 0.000092 -0.000003 0.000000 0.006600 0.000000 0.000000 0.000000 0.000000 0.000000 
-0.000066 -0.014799 -0.007805 -0.017376 0.000092 -0.000003 0.000000 0.006600 0.000000 0.000000 0.000000 0.000000 0.000000 
-0.000066 -0.014799 -0.007805 -0.017376 0.000092 -0.000003 0.000000 0.006600 0.000000 0.000000 0.000000 0.000000 0.000000 
-0.000066 -0.014799 -0.007805 -0.017376 0.000092 -0.000003 0.000000 0.006600 0.000000 0.000000 0.000000 0.000000 0.000000 
-0.000066 -0.014799 -0.007805 -0.017376 0.000092 -0.000003 0.000000 0.006600 0.000000 0.000000 0.000000 0.000000 0.000000 
-0.000066 -0.014799 -0.007805 -0.017376 0.000092 -0.000003 0.000000 0.006600 0.000000 0.000000 0.000000 0.000000 0.000000 
-0.000066 -0.014798 -0.007805 -0.017376 0.000092 -0.000003 0.000000 0.006600 0.000000 0.000000 0.000000 0.000000 0.000000 
-0.000066 -0.014799 -0.007805 -0.017376 0.000092 -0.000003 0.000000 0.006600 0.000000 0.000000 0.000000 0.000000 0.000000 
-0.000066 -0.014799 -0.007805 -0.017376 0.000092 -0.000003 0.000000 0.006600 0.000000 0.000000 0.000000 0.000000 0.000000 
-0.000066 -0.014799 -0.007805 -0.017376 0.000092 -0.000003 0.000000 0.006600 0.000000 0.000000 0.000000 0.000000 0.000000 
-0.000066 -0.014799 -0.007805 -0.017376 0.000092 -0.000003 0.000000 0.006600 0.000000 0.000000 0.000000 0.000000 0.000000 
-0.000066 -0.014799 -0.007805 -0.017376 0.000092 -0.000003 0.000000 0.006600 0.000000 0.000000 0.000000 0.000000 0.000000 
-0.000066 -0.014799 -0.007805 -0.017376 0.000092 -0.000003 0.000000 0.006600 0.000000 0.000000 0.000000 0.000000 0.000000 
-0.000066 -0.014798 -0.007805 -0.017376 0.000092 -0.000003 0.000000 0.006600 0.000000 0.000000 0.000000 0.000000 0.000000 
-0.000066 -0.014798 -0.007805 -0.017376 0.000092 -0.000003 0.000000 0.006600 0.000000 0.000000 0.000000 0.000000 0.000000 
-0.000066 -0.014798 -0.007805 -0.017377 0.000092 -0.000003 0.000000 0.006600 0.000000 0.000000 0.000000 0.000000 0.000000 
-0.000066 -0.014798 -0.007805 -0.017376 0.000092 -0.000003 0.000000 0.006600 0.000000 0.000000 0.000000 0.000000 0.000000 
-0.000066 -0.014798 -0.007805 -0.017376 0.000092 -0.000003 0.000000 0.006600 0.000000 0.000000 0.000000 0.000000 0.000000 
-0.000066 -0.014797 -0.007805 -0.017377 0.000092 -0.000003 0.000000 0.006600 0.000000 0.000000 0.000000 0.000000 0.000000 
-0.000066 -0.014798 -0.007805 -0.017377 0.000092 -0.000003 0.000000 0.006600 0.000000 0.000000 0.000000 0.000000 0.000000 
-0.000066 -0.014798 -0.007805 -0.017376 0.000092 -0.000003 0.000000 0.006600 0.000000 0.000000 0.000000 0.000000 0.000000 
-0.000066 -0.014797 -0.007805 -0.017377 0.000092 -0.000003 0.000000 0.006600 0.000000 0.000000 0.000000 0.000000 0.000000 
-0.000066 -0.014797 -0.007805 -0.017376 0.000092 -0.000003 0.000000 0.006600 0.000000 0.000000 0.000000 0.000000 0.000000 
-0.000066 -0.014797 -0.007805 -0.017376 0.000092 -0.000003 0.000000 0.006600 0.000000 0.000000 0.000000 0.000000 0.000000 
-0.000066 -0.014797 -0.007805 -0.017376 0.000092 -0.000003 0.000000 0.006600 0.000000 0.000000 0.000000 0.000000 0.000000 
-0.000066 -0.014797 -0.007805 -0.017376 0.000092 -0.000003 0.000000 0.006600 0.000000 0.000000 0.000000 0.000000 0.000000 
-0.000066 -0.014796 -0.007805 -0.017377 0.000091 -0.000003 0.000000 0.006600 0.000000 0.000000 0.000000 0.000000 0.000000 
-0.000066 -0.014797 -0.007805 -0.017377 0.000092 -0.000003 0.000000 0.006600 0.000000 0.000000 0.000000 0.000000 0.000000 
-0.000066 -0.014797 -0.007805 -0.017377 0.000092 -0.000003 0.000000 0.006600 0.000000 0.000000 0.000000 0.000000 0.000000 
-0.000066 -0.014796 -0.007805 -0.017377 0.000092 -0.000003 0.000000 0.006600 0.000000 0.000000 0.000000 0.000000 0.000000 
-0.000066 -0.014796 -0.007805 -0.017377 0.000091 -0.000003 0.000000 0.006600 0.000000 0.000000 0.000000 0.000000 0.000000 
-0.000066 -0.014796 -0.007805 -0.017377 0.000091 -0.000003 0.000000 0.006600 0.000000 0.000000 0.000000 0.000000 0.000000 
-0.000066 -0.014796 -0.007805 -0.017377 0.000092 -0.000003 0.000000 0.006600 0.000000 0.000000 0.000000 0.000000 0.000000 
-0.000066 -0.014796 -0.007805 -0.017377 0.000092 -0.000003 0.000000 0.006600 0.000000 0.000000 0.000000 0.000000 0.000000 
-0.000066 -0.014796 -0.007805 -0.017377 0.000092 -0.000003 0.000000 0.006600 0.000000 0.000000 0.000000 0.000000 0.000000 
-0.000066 -0.014796 -0.007805 -0.017377 0.000092 -0.000003 0.000000 0.006600 0.000000 0.000000 0.000000 0.000000 0.000000 
-0.000066 -0.014796 -0.007805 -0.017377 0.000092 -0.000003 0.000000 0.006600 0.000000 0.000000 0.000000 0.000000 0.000000 
-0.000066 -0.014796 -0.007805 -0.017377 0.000091 -0.000003 0.000000 0.006600 0.000000 0.000000 0.000000 0.000000 0.000000 
-0.000066 -0.014797 -0.007804 -0.017377 0.000091 -0.000003 0.000000 0.006600 0.000000 0.000000 0.000000 0.000000 0.000000 
-0.000066 -0.014797 -0.007805 -0.017377 0.000091 -0.000003 0.000000 0.006600 0.000000 0.000000 0.000000 0.000000 0.000000 
-0.000066 -0.014797 -0.007805 -0.017377 0.000092 -0.000003 0.000000 0.006600 0.000000 0.000000 0.000000 0.000000 0.000000 
-0.000066 -0.014798 -0.007805 -0.017376 0.000092 -0.000003 0.000000 0.006600 0.000000 0.000000 0.000000 0.000000 0.000000 
-0.000066 -0.014798 -0.007805 -0.017376 0.000092 -0.000003 0.000000 0.006600 0.000000 0.000000 0.000000 0.000000 0.000000 
-0.000066 -0.014799 -0.007805 -0.017376 0.000092 -0.000003 0.000000 0.006600 0.000000 0.000000 0.000000 0.000000 0.000000 
-0.000066 -0.014799 -0.007805 -0.017376 0.000092 -0.000003 0.000000 0.006600 0.000000 0.000000 0.000000 0.000000 0.000000 
-0.000066 -0.014799 -0.007805 -0.017376 0.000092 -0.000003 0.000000 0.006600 0.000000 0.000000 0.000000 0.000000 0.000000 
-0.000066 -0.014799 -0.007805 -0.017376 0.000092 -0.000003 0.000000 0.006600 0.000000 0.000000 0.000000 0.000000 0.000000 
-0.000066 -0.014799 -0.007805 -0.017376 0.000092 -0.000003 0.000000 0.006600 0.000000 0.000000 0.000000 0.000000 0.000000 
-0.000066 -0.014799 -0.007805 -0.017376 0.000092 -0.000003 0.000000 0.006600 0.000000 0.000000 0.000000 0.000000 0.000000 
-0.000066 -0.014799 -0.007805 -0.017376 0.000092 -0.000003 0.000000 0.006600 0.000000 0.000000 0.000000 0.000000 0.000000 
-0.000066 -0.014799 -0.007805 -0.017376 0.000092 -0.000003 0.000000 0.006600 0.000000 0.000000 0.000000 0.000000 0.000000 
-0.000066 -0.014798 -0.007805 -0.017377 0.000092 -0.000003 0.000000 0.006600 0.000000 0.000000 0.000000 0.000000 0.000000 
-0.000066 -0.014798 -0.007805 -0.017377 0.000092 -0.000003 0.000000 0.006600 0.000000 0.000000 0.000000 0.000000 0.000000 
-0.000066 -0.014798 -0.007805 -0.017377 0.000092 -0.000003 0.000000 0.006600 0.000000 0.000000 0.000000 0.000000 0.000000 
-0.000066 -0.014797 -0.007805 -0.017377 0.000092 -0.000003 0.000000 0.006600 0.000000 0.000000 0.000000 0.000000 0.000000 
-0.000066 -0.014798 -0.007805 -0.017377 0.000092 -0.000003 0.000000 0.006600 0.000000 0.000000 0.000000 0.000000 0.000000 
-0.000066 -0.014797 -0.007805 -0.017377 0.000092 -0.000003 0.000000 0.006600 0.000000 0.000000 0.000000 0.000000 0.000000 
-0.000066 -0.014797 -0.007805 -0.017377 0.000092 -0.000003 0.000000 0.006600 0.000000 0.000000 0.000000 0.000000 0.000000 
-0.000066 -0.014797 -0.007805 -0.017377 0.000092 -0.000003 0.000000 0.006600 0.000000 0.000000 0.000000 0.000000 0.000000 
-0.000066 -0.014797 -0.007805 -0.017377 0.000092 -0.000003 0.000000 0.006600 0.000000 0.000000 0.000000 0.000000 0.000000 
-0.000066 -0.014798 -0.007805 -0.017377 0.000092 -0.000003 0.000000 0.006600 0.000000 0.000000 0.000000 0.000000 0.000000 
-0.000066 -0.014797 -0.007805 -0.017377 0.000092 -0.000003 0.000000 0.006600 0.000000 0.000000 0.000000 0.000000 0.000000 
-0.000066 -0.014797 -0.007805 -0.017376 0.000092 -0.000003 0.000000 0.006600 0.000000 0.000000 0.000000 0.000000 0.000000 
-0.000066 -0.014797 -0.007805 -0.017377 0.000092 -0.000003 0.000000 0.006600 0.000000 0.000000 0.000000 0.000000 0.000000 
-0.000066 -0.014797 -0.007805 -0.017377 0.000092 -0.000003 0.000000 0.006600 0.000000 0.000000 0.000000 0.000000 0.000000 
-0.000066 -0.014798 -0.007805 -0.017377 0.000092 -0.000003 0.000000 0.006600 0.000000 0.000000 0.000000 0.000000 0.000000 
-0.000066 -0.014798 -0.007805 -0.017377 0.000092 -0.000003 0.000000 0.006600 0.000000 0.000000 0.000000 0.000000 0.000000 
-0.000066 -0.014798 -0.007805 -0.017377 0.000092 -0.000003 0.000000 0.006600 0.000000 0.000000 0.000000 0.000000 0.000000 
-0.000066 -0.014798 -0.007805 -0.017377 0.000092 -0.000003 0.000000 0.006600 0.000000 0.000000 0.000000 0.000000 0.000000 
-0.000066 -0.014798 -0.007805 -0.017377 0.000092 -0.000003 0.000000 0.006600 0.000000 0.000000 0.000000 0.000000 0.000000 
-0.000066 -0.014797 -0.007805 -0.017376 0.000092 -0.000003 0.000000 0.006600 0.000000 0.000000 0.000000 0.000000 0.000000 
-0.000066 -0.014797 -0.007805 -0.017377 0.000092 -0.000003 0.000000 0.006600 0.000000 0.000000 0.000000 0.000000 0.000000 
-0.000066 -0.014797 -0.007805 -0.017377 0.000092 -0.000003 0.000000 0.006600 0.000000 0.000000 0.000000 0.000000 0.000000 
-0.000066 -0.014797 -0.007805 -0.017377 0.000092 -0.000003 0.000000 0.006600 0.000000 0.000000 0.000000 0.000000 0.000000 
-0.000066 -0.014797 -0.007805 -0.017376 0.000092 -0.000003 0.000000 0.006600 0.000000 0.000000 0.000000 0.000000 0.000000 
-0.000066 -0.014797 -0.007805 -0.017376 0.000092 -0.000003 0.000000 0.006600 0.000000 0.000000 0.000000 0.000000 0.000000 
-0.000066 -0.014797 -0.007805 -0.017376 0.000092 -0.000003 0.000000 0.006600 0.000000 0.000000 0.000000 0.000000 0.000000 
-0.000066 -0.014797 -0.007805 -0.017376 0.000092 -0.000003 0.000000 0.006600 0.000000 0.000000 0.000000 0.000000 0.000000 
-0.000066 -0.014797 -0.007805 -0.017376 0.000092 -0.000003 0.000000 0.006600 0.000000 0.000000 0.000000 0.000000 0.000000 
-0.000066 -0.014797 -0.007805 -0.017376 0.000092 -0.000003 0.000000 0.006600 0.000000 0.000000 0.000000 0.000000 0.000000 
-0.000066 -0.014797 -0.007805 -0.017376 0.000092 -0.000003 0.000000 0.006600 0.000000 0.000000 0.000000 0.000000 0.000000 
-0.000066 -0.014797 -0.007805 -0.017376 0.000092 -0.000003 0.000000 0.006600 0.000000 0.000000 0.000000 0.000000 0.000000 
-0.000066 -0.014797 -0.007805 -0.017376 0.000092 -0.000003 0.000000 0.006600 0.000000 0.000000 0.000000 0.000000 0.000000 
-0.000066 -0.014797 -0.007805 -0.017376 0.000092 -0.000003 0.000000 0.006600 0.000000 0.000000 0.000000 0.000000 0.000000 
-0.000066 -0.014797 -0.007805 -0.017376 0.000091 -0.000003 0.000000 0.006600 0.000000 0.000000 0.000000 0.000000 0.000000 
-0.000066 -0.014797 -0.007805 -0.017376 0.000092 -0.000003 0.000000 0.006600 0.000000 0.000000 0.000000 0.000000 0.000000 
-0.000066 -0.014797 -0.007805 -0.017376 0.000091 -0.000003 0.000000 0.006600 0.000000 0.000000 0.000000 0.000000 0.000000 
-0.000066 -0.014797 -0.007805 -0.017376 0.000091 -0.000003 0.000000 0.006600 0.000000 0.000000 0.000000 0.000000 0.000000 
-0.000066 -0.014797 -0.007805 -0.017376 0.000091 -0.000003 0.000000 0.006600 0.000000 0.000000 0.000000 0.000000 0.000000 
-0.000066 -0.014797 -0.007805 -0.017376 0.000092 -0.000003 0.000000 0.006600 0.000000 0.000000 0.000000 0.000000 0.000000 
-0.000066 -0.014797 -0.007805 -0.017375 0.000092 -0.000003 0.000000 0.006600 0.000000 0.000000 0.000000 0.000000 0.000000 
-0.000066 -0.014797 -0.007805 -0.017376 0.000092 -0.000003 0.000000 0.006600 0.000000 0.000000 0.000000 0.000000 0.000000 
-0.000066 -0.014797 -0.007805 -0.017376 0.000092 -0.000003 0.000000 0.006600 0.000000 0.000000 0.000000 0.000000 0.000000 
-0.000066 -0.014797 -0.007805 -0.017375 0.000092 -0.000003 0.000000 0.006600 0.000000 0.000000 0.000000 0.000000 0.000000 
-0.000066 -0.014797 -0.007805 -0.017376 0.000092 -0.000003 0.000000 0.006600 0.000000 0.000000 0.000000 0.000000 0.000000 
-0.000066 -0.014797 -0.007805 -0.017375 0.000092 -0.000003 0.000000 0.006600 0.000000 0.000000 0.000000 0.000000 0.000000 
-0.000066 -0.014797 -0.007805 -0.017376 0.000092 -0.000003 0.000000 0.006600 0.000000 0.000000 0.000000 0.000000 0.000000 
-0.000066 -0.014797 -0.007805 -0.017376 0.000091 -0.000003 0.000000 0.006600 0.000000 0.000000 0.000000 0.000000 0.000000 
-0.000066 -0.014797 -0.007805 -0.017376 0.000091 -0.000003 0.000000 0.006600 0.000000 0.000000 0.000000 0.000000 0.000000 
-0.000066 -0.014797 -0.007805 -0.017376 0.000092 -0.000003 0.000000 0.006600 0.000000 0.000000 0.000000 0.000000 0.000000 
-0.000066 -0.014797 -0.007805 -0.017376 0.000092 -0.000003 0.000000 0.006600 0.000000 0.000000 0.000000 0.000000 0.000000 
-0.000066 -0.014797 -0.007805 -0.017376 0.000092 -0.000003 0.000000 0.006600 0.000000 0.000000 0.000000 0.000000 0.000000 
-0.000066 -0.014797 -0.007805 -0.017376 0.000092 -0.000003 0.000000 0.006600 0.000000 0.000000 0.000000 0.000000 0.000000 
-0.000066 -0.014797 -0.007805 -0.017376 0.000092 -0.000003 0.000000 0.006600 0.000000 0.000000 0.000000 0.000000 0.000000 
-0.000066 -0.014797 -0.007805 -0.017376 0.000092 -0.000003 0.000000 0.006600 0.000000 0.000000 0.000000 0.000000 0.000000 
-0.000066 -0.014797 -0.007805 -0.017377 0.000092 -0.000003 0.000000 0.006600 0.000000 0.000000 0.000000 0.000000 0.000000 
-0.000066 -0.014796 -0.007805 -0.017377 0.000092 -0.000003 0.000000 0.006600 0.000000 0.000000 0.000000 0.000000 0.000000 
-0.000066 -0.014796 -0.007805 -0.017377 0.000091 -0.000003 0.000000 0.006600 0.000000 0.000000 0.000000 0.000000 0.000000 
-0.000066 -0.014796 -0.007805 -0.017377 0.000091 -0.000003 0.000000 0.006600 0.000000 0.000000 0.000000 0.000000 0.000000 
-0.000066 -0.014796 -0.007805 -0.017377 0.000091 -0.000003 0.000000 0.006600 0.000000 0.000000 0.000000 0.000000 0.000000 
-0.000066 -0.014796 -0.007805 -0.017377 0.000092 -0.000003 0.000000 0.006600 0.000000 0.000000 0.000000 0.000000 0.000000 
-0.000066 -0.014796 -0.007805 -0.017377 0.000092 -0.000003 0.000000 0.006600 0.000000 0.000000 0.000000 0.000000 0.000000 
-0.000066 -0.014796 -0.007805 -0.017377 0.000092 -0.000003 0.000000 0.006600 0.000000 0.000000 0.000000 0.000000 0.000000 
-0.000066 -0.014796 -0.007805 -0.017377 0.000091 -0.000003 0.000000 0.006600 0.000000 0.000000 0.000000 0.000000 0.000000 
-0.000066 -0.014796 -0.007805 -0.017377 0.000091 -0.000003 0.000000 0.006600 0.000000 0.000000 0.000000 0.000000 0.000000 
-0.000066 -0.014796 -0.007805 -0.017377 0.000092 -0.000003 0.000000 0.006600 0.000000 0.000000 0.000000 0.000000 0.000000 
-0.000066 -0.014796 -0.007805 -0.017377 0.000092 -0.000003 0.000000 0.006600 0.000000 0.000000 0.000000 0.000000 0.000000 
-0.000066 -0.014797 -0.007804 -0.017377 0.000092 -0.000003 0.000000 0.006600 0.000000 0.000000 0.000000 0.000000 0.000000 
-0.000066 -0.014797 -0.007805 -0.017377 0.000092 -0.000003 0.000000 0.006600 0.000000 0.000000 0.000000 0.000000 0.000000 
-0.000066 -0.014797 -0.007805 -0.017377 0.000092 -0.000003 0.000000 0.006600 0.000000 0.000000 0.000000 0.000000 0.000000 
-0.000066 -0.014798 -0.007805 -0.017376 0.000092 -0.000003 0.000000 0.006600 0.000000 0.000000 0.000000 0.000000 0.000000 
-0.000066 -0.014798 -0.007804 -0.017376 0.000092 -0.000003 0.000000 0.006600 0.000000 0.000000 0.000000 0.000000 0.000000 
-0.000066 -0.014798 -0.007805 -0.017376 0.000092 -0.000003 0.000000 0.006600 0.000000 0.000000 0.000000 0.000000 0.000000 
-0.000066 -0.014799 -0.007804 -0.017376 0.000092 -0.000003 0.000000 0.006600 0.000000 0.000000 0.000000 0.000000 0.000000 
-0.000066 -0.014799 -0.007805 -0.017377 0.000092 -0.000003 0.000000 0.006600 0.000000 0.000000 0.000000 0.000000 0.000000 
-0.000066 -0.014799 -0.007805 -0.017376 0.000092 -0.000003 0.000000 0.006600 0.000000 0.000000 0.000000 0.000000 0.000000 
-0.000066 -0.014800 -0.007805 -0.017376 0.000092 -0.000003 0.000000 0.006600 0.000000 0.000000 0.000000 0.000000 0.000000 
-0.000066 -0.014799 -0.007805 -0.017376 0.000092 -0.000003 0.000000 0.006600 0.000000 0.000000 0.000000 0.000000 0.000000 
-0.000066 -0.014799 -0.007805 -0.017376 0.000092 -0.000003 0.000000 0.006600 0.000000 0.000000 0.000000 0.000000 0.000000 
-0.000066 -0.014799 -0.007805 -0.017376 0.000092 -0.000003 0.000000 0.006600 0.000000 0.000000 0.000000 0.000000 0.000000 
-0.000066 -0.014799 -0.007805 -0.017376 0.000092 -0.000003 0.000000 0.006600 0.000000 0.000000 0.000000 0.000000 0.000000 
-0.000066 -0.014799 -0.007805 -0.017376 0.000092 -0.000003 0.000000 0.006600 0.000000 0.000000 0.000000 0.000000 0.000000 
-0.000066 -0.014799 -0.007805 -0.017377 0.000092 -0.000003 0.000000 0.006600 0.000000 0.000000 0.000000 0.000000 0.000000 
-0.000066 -0.014799 -0.007805 -0.017377 0.000092 -0.000003 0.000000 0.006600 0.000000 0.000000 0.000000 0.000000 0.000000 
-0.000066 -0.014799 -0.007805 -0.017377 0.000092 -0.000003 0.000000 0.006600 0.000000 0.000000 0.000000 0.000000 0.000000 
-0.000066 -0.014798 -0.007805 -0.017377 0.000092 -0.000003 0.000000 0.006600 0.000000 0.000000 0.000000 0.000000 0.000000 
-0.000066 -0.014798 -0.007805 -0.017377 0.000092 -0.000003 0.000000 0.006600 0.000000 0.000000 0.000000 0.000000 0.000000 
-0.000066 -0.014798 -0.007805 -0.017377 0.000092 -0.000003 0.000000 0.006600 0.000000 0.000000 0.000000 0.000000 0.000000 
-0.000066 -0.014798 -0.007805 -0.017377 0.000092 -0.000003 0.000000 0.006600 0.000000 0.000000 0.000000 0.000000 0.000000 
-0.000066 -0.014798 -0.007805 -0.017377 0.000092 -0.000003 0.000000 0.006600 0.000000 0.000000 0.000000 0.000000 0.000000 
-0.000066 -0.014797 -0.007805 -0.017377 0.000092 -0.000003 0.000000 0.006600 0.000000 0.000000 0.000000 0.000000 0.000000 
-0.000066 -0.014797 -0.007805 -0.017377 0.000092 -0.000003 0.000000 0.006600 0.000000 0.000000 0.000000 0.000000 0.000000 
-0.000066 -0.014797 -0.007805 -0.017377 0.000092 -0.000003 0.000000 0.006600 0.000000 0.000000 0.000000 0.000000 0.000000 
-0.000066 -0.014797 -0.007805 -0.017377 0.000092 -0.000003 0.000000 0.006600 0.000000 0.000000 0.000000 0.000000 0.000000 
-0.000066 -0.014797 -0.007805 -0.017377 0.000092 -0.000003 0.000000 0.006600 0.000000 0.000000 0.000000 0.000000 0.000000 
-0.000066 -0.014797 -0.007805 -0.017377 0.000092 -0.000003 0.000000 0.006600 0.000000 0.000000 0.000000 0.000000 0.000000 
-0.000066 -0.014797 -0.007805 -0.017376 0.000092 -0.000003 0.000000 0.006600 0.000000 0.000000 0.000000 0.000000 0.000000 
-0.000066 -0.014797 -0.007805 -0.017376 0.000092 -0.000003 0.000000 0.006600 0.000000 0.000000 0.000000 0.000000 0.000000 
-0.000066 -0.014797 -0.007805 -0.017376 0.000092 -0.000003 0.000000 0.006600 0.000000 0.000000 0.000000 0.000000 0.000000 
-0.000066 -0.014797 -0.007805 -0.017376 0.000092 -0.000003 0.000000 0.006600 0.000000 0.000000 0.000000 0.000000 0.000000 
-0.000066 -0.014797 -0.007805 -0.017376 0.000092 -0.000003 0.000000 0.006600 0.000000 0.000000 0.000000 0.000000 0.000000 
-0.000066 -0.014797 -0.007805 -0.017377 0.000092 -0.000003 0.000000 0.006600 0.000000 0.000000 0.000000 0.000000 0.000000 
-0.000066 -0.014797 -0.007805 -0.017377 0.000092 -0.000003 0.000000 0.006600 0.000000 0.000000 0.000000 0.000000 0.000000 
-0.000066 -0.014797 -0.007805 -0.017376 0.000092 -0.000003 0.000000 0.006600 0.000000 0.000000 0.000000 0.000000 0.000000 
-0.000066 -0.014797 -0.007805 -0.017376 0.000092 -0.000003 0.000000 0.006600 0.000000 0.000000 0.000000 0.000000 0.000000 
-0.000066 -0.014797 -0.007805 -0.017376 0.000092 -0.000003 0.000000 0.006600 0.000000 0.000000 0.000000 0.000000 0.000000 
-0.000066 -0.014797 -0.007805 -0.017376 0.000092 -0.000003 0.000000 0.006600 0.000000 0.000000 0.000000 0.000000 0.000000 
-0.000066 -0.014797 -0.007805 -0.017376 0.000092 -0.000003 0.000000 0.006600 0.000000 0.000000 0.000000 0.000000 0.000000 
-0.000066 -0.014797 -0.007805 -0.017376 0.000092 -0.000003 0.000000 0.006600 0.000000 0.000000 0.000000 0.000000 0.000000 
-0.000066 -0.014797 -0.007805 -0.017376 0.000092 -0.000003 0.000000 0.006600 0.000000 0.000000 0.000000 0.000000 0.000000 
-0.000066 -0.014797 -0.007805 -0.017376 0.000092 -0.000003 0.000000 0.006600 0.000000 0.000000 0.000000 0.000000 0.000000 
-0.000066 -0.014797 -0.007805 -0.017375 0.000092 -0.000003 0.000000 0.006600 0.000000 0.000000 0.000000 0.000000 0.000000 
-0.000066 -0.014798 -0.007805 -0.017375 0.000092 -0.000003 0.000000 0.006600 0.000000 0.000000 0.000000 0.000000 0.000000 
-0.000066 -0.014798 -0.007805 -0.017376 0.000092 -0.000003 0.000000 0.006600 0.000000 0.000000 0.000000 0.000000 0.000000 
-0.000066 -0.014798 -0.007805 -0.017376 0.000092 -0.000003 0.000000 0.006600 0.000000 0.000000 0.000000 0.000000 0.000000 
-0.000066 -0.014798 -0.007805 -0.017376 0.000092 -0.000003 0.000000 0.006600 0.000000 0.000000 0.000000 0.000000 0.000000 
-0.000066 -0.014798 -0.007805 -0.017376 0.000091 -0.000003 0.000000 0.006600 0.000000 0.000000 0.000000 0.000000 0.000000 
-0.000066 -0.014798 -0.007805 -0.017376 0.000091 -0.000003 0.000000 0.006600 0.000000 0.000000 0.000000 0.000000 0.000000 
-0.000066 -0.014798 -0.007805 -0.017377 0.000091 -0.000003 0.000000 0.006600 0.000000 0.000000 0.000000 0.000000 0.000000 
-0.000066 -0.014798 -0.007805 -0.017376 0.000091 -0.000003 0.000000 0.006600 0.000000 0.000000 0.000000 0.000000 0.000000 
-0.000066 -0.014798 -0.007805 -0.017376 0.000092 -0.000003 0.000000 0.006600 0.000000 0.000000 0.000000 0.000000 0.000000 
-0.000066 -0.014797 -0.007805 -0.017377 0.000091 -0.000003 0.000000 0.006600 0.000000 0.000000 0.000000 0.000000 0.000000 
-0.000066 -0.014798 -0.007805 -0.017377 0.000092 -0.000003 0.000000 0.006600 0.000000 0.000000 0.000000 0.000000 0.000000 
-0.000066 -0.014797 -0.007805 -0.017377 0.000091 -0.000003 0.000000 0.006600 0.000000 0.000000 0.000000 0.000000 0.000000 
-0.000066 -0.014797 -0.007805 -0.017377 0.000091 -0.000003 0.000000 0.006600 0.000000 0.000000 0.000000 0.000000 0.000000 
-0.000066 -0.014797 -0.007805 -0.017377 0.000091 -0.000003 0.000000 0.006600 0.000000 0.000000 0.000000 0.000000 0.000000 
-0.000066 -0.014797 -0.007805 -0.017376 0.000092 -0.000003 0.000000 0.006600 0.000000 0.000000 0.000000 0.000000 0.000000 
-0.000066 -0.014797 -0.007805 -0.017376 0.000092 -0.000003 0.000000 0.006600 0.000000 0.000000 0.000000 0.000000 0.000000 
-0.000066 -0.014797 -0.007805 -0.017376 0.000092 -0.000003 0.000000 0.006600 0.000000 0.000000 0.000000 0.000000 0.000000 
-0.000066 -0.014797 -0.007805 -0.017376 0.000092 -0.000003 0.000000 0.006600 0.000000 0.000000 0.000000 0.000000 0.000000 
-0.000066 -0.014797 -0.007805 -0.017376 0.000092 -0.000003 0.000000 0.006600 0.000000 0.000000 0.000000 0.000000 0.000000 
-0.000066 -0.014797 -0.007805 -0.017376 0.000092 -0.000003 0.000000 0.006600 0.000000 0.000000 0.000000 0.000000 0.000000 
-0.000066 -0.014797 -0.007805 -0.017376 0.000092 -0.000003 0.000000 0.006600 0.000000 0.000000 0.000000 0.000000 0.000000 
-0.000066 -0.014797 -0.007805 -0.017376 0.000092 -0.000003 0.000000 0.006600 0.000000 0.000000 0.000000 0.000000 0.000000 
-0.000066 -0.014797 -0.007805 -0.017376 0.000092 -0.000003 0.000000 0.006600 0.000000 0.000000 0.000000 0.000000 0.000000 
-0.000066 -0.014797 -0.007805 -0.017376 0.000091 -0.000003 0.000000 0.006600 0.000000 0.000000 0.000000 0.000000 0.000000 
-0.000066 -0.014798 -0.007805 -0.017376 0.000091 -0.000003 0.000000 0.006600 0.000000 0.000000 0.000000 0.000000 0.000000 
-0.000066 -0.014797 -0.007805 -0.017376 0.000091 -0.000003 0.000000 0.006600 0.000000 0.000000 0.000000 0.000000 0.000000 
-0.000066 -0.014797 -0.007805 -0.017376 0.000091 -0.000003 0.000000 0.006600 0.000000 0.000000 0.000000 0.000000 0.000000 
-0.000066 -0.014797 -0.007805 -0.017376 0.000092 -0.000003 0.000000 0.006600 0.000000 0.000000 0.000000 0.000000 0.000000 
-0.000066 -0.014797 -0.007805 -0.017376 0.000092 -0.000003 0.000000 0.006600 0.000000 0.000000 0.000000 0.000000 0.000000 
-0.000066 -0.014797 -0.007805 -0.017376 0.000091 -0.000003 0.000000 0.006600 0.000000 0.000000 0.000000 0.000000 0.000000 
-0.000066 -0.014797 -0.007805 -0.017376 0.000091 -0.000003 0.000000 0.006600 0.000000 0.000000 0.000000 0.000000 0.000000 
-0.000066 -0.014797 -0.007805 -0.017376 0.000091 -0.000003 0.000000 0.006600 0.000000 0.000000 0.000000 0.000000 0.000000 
-0.000066 -0.014797 -0.007805 -0.017376 0.000092 -0.000003 0.000000 0.006600 0.000000 0.000000 0.000000 0.000000 0.000000 
-0.000066 -0.014797 -0.007805 -0.017375 0.000092 -0.000003 0.000000 0.006600 0.000000 0.000000 0.000000 0.000000 0.000000 
-0.000066 -0.014797 -0.007805 -0.017375 0.000092 -0.000003 0.000000 0.006600 0.000000 0.000000 0.000000 0.000000 0.000000 
-0.000066 -0.014797 -0.007805 -0.017376 0.000092 -0.000003 0.000000 0.006600 0.000000 0.000000 0.000000 0.000000 0.000000 
-0.000066 -0.014797 -0.007805 -0.017376 0.000092 -0.000003 0.000000 0.006600 0.000000 0.000000 0.000000 0.000000 0.000000 
-0.000066 -0.014797 -0.007805 -0.017376 0.000092 -0.000003 0.000000 0.006600 0.000000 0.000000 0.000000 0.000000 0.000000 
-0.000066 -0.014797 -0.007805 -0.017376 0.000092 -0.000003 0.000000 0.006600 0.000000 0.000000 0.000000 0.000000 0.000000 
-0.000066 -0.014796 -0.007805 -0.017376 0.000092 -0.000003 0.000000 0.006600 0.000000 0.000000 0.000000 0.000000 0.000000 
-0.000066 -0.014796 -0.007805 -0.017376 0.000092 -0.000003 0.000000 0.006600 0.000000 0.000000 0.000000 0.000000 0.000000 
-0.000066 -0.014796 -0.007805 -0.017376 0.000092 -0.000003 0.000000 0.006600 0.000000 0.000000 0.000000 0.000000 0.000000 
-0.000066 -0.014796 -0.007805 -0.017377 0.000092 -0.000003 0.000000 0.006600 0.000000 0.000000 0.000000 0.000000 0.000000 
-0.000066 -0.014796 -0.007805 -0.017377 0.000092 -0.000003 0.000000 0.006600 0.000000 0.000000 0.000000 0.000000 0.000000 
-0.000066 -0.014796 -0.007805 -0.017377 0.000092 -0.000003 0.000000 0.006600 0.000000 0.000000 0.000000 0.000000 0.000000 
-0.000066 -0.014796 -0.007805 -0.017377 0.000092 -0.000003 0.000000 0.006600 0.000000 0.000000 0.000000 0.000000 0.000000 
-0.000066 -0.014796 -0.007805 -0.017377 0.000092 -0.000003 0.000000 0.006600 0.000000 0.000000 0.000000 0.000000 0.000000 
-0.000066 -0.014796 -0.007805 -0.017377 0.000092 -0.000003 0.000000 0.006600 0.000000 0.000000 0.000000 0.000000 0.000000 
-0.000066 -0.014797 -0.007805 -0.017377 0.000092 -0.000003 0.000000 0.006600 0.000000 0.000000 0.000000 0.000000 0.000000 
-0.000066 -0.014797 -0.007804 -0.017377 0.000092 -0.000003 0.000000 0.006600 0.000000 0.000000 0.000000 0.000000 0.000000 
-0.000066 -0.014798 -0.007804 -0.017376 0.000092 -0.000003 0.000000 0.006600 0.000000 0.000000 0.000000 0.000000 0.000000 
-0.000066 -0.014798 -0.007804 -0.017376 0.000092 -0.000003 0.000000 0.006600 0.000000 0.000000 0.000000 0.000000 0.000000 
-0.000066 -0.014798 -0.007804 -0.017376 0.000092 -0.000003 0.000000 0.006600 0.000000 0.000000 0.000000 0.000000 0.000000 
-0.000066 -0.014798 -0.007805 -0.017376 0.000092 -0.000003 0.000000 0.006600 0.000000 0.000000 0.000000 0.000000 0.000000 
-0.000066 -0.014798 -0.007804 -0.017376 0.000092 -0.000003 0.000000 0.006600 0.000000 0.000000 0.000000 0.000000 0.000000 
-0.000066 -0.014799 -0.007804 -0.017376 0.000092 -0.000003 0.000000 0.006600 0.000000 0.000000 0.000000 0.000000 0.000000 
-0.000066 -0.014799 -0.007805 -0.017376 0.000092 -0.000003 0.000000 0.006600 0.000000 0.000000 0.000000 0.000000 0.000000 
-0.000066 -0.014799 -0.007805 -0.017377 0.000092 -0.000003 0.000000 0.006600 0.000000 0.000000 0.000000 0.000000 0.000000 
-0.000066 -0.014799 -0.007805 -0.017377 0.000092 -0.000003 0.000000 0.006600 0.000000 0.000000 0.000000 0.000000 0.000000 
-0.000066 -0.014800 -0.007805 -0.017376 0.000092 -0.000003 0.000000 0.006600 0.000000 0.000000 0.000000 0.000000 0.000000 
-0.000066 -0.014799 -0.007805 -0.017376 0.000092 -0.000003 0.000000 0.006600 0.000000 0.000000 0.000000 0.000000 0.000000 
-0.000066 -0.014799 -0.007805 -0.017376 0.000092 -0.000003 0.000000 0.006600 0.000000 0.000000 0.000000 0.000000 0.000000 
-0.000066 -0.014799 -0.007805 -0.017377 0.000092 -0.000003 0.000000 0.006600 0.000000 0.000000 0.000000 0.000000 0.000000 
-0.000066 -0.014798 -0.007805 -0.017377 0.000092 -0.000003 0.000000 0.006600 0.000000 0.000000 0.000000 0.000000 0.000000 
-0.000066 -0.014798 -0.007805 -0.017377 0.000092 -0.000003 0.000000 0.006600 0.000000 0.000000 0.000000 0.000000 0.000000 
-0.000066 -0.014798 -0.007805 -0.017376 0.000092 -0.000003 0.000000 0.006600 0.000000 0.000000 0.000000 0.000000 0.000000 
-0.000066 -0.014798 -0.007805 -0.017377 0.000092 -0.000003 0.000000 0.006600 0.000000 0.000000 0.000000 0.000000 0.000000 
-0.000066 -0.014798 -0.007805 -0.017377 0.000092 -0.000003 0.000000 0.006600 0.000000 0.000000 0.000000 0.000000 0.000000 
-0.000066 -0.014798 -0.007805 -0.017377 0.000092 -0.000003 0.000000 0.006600 0.000000 0.000000 0.000000 0.000000 0.000000 
-0.000066 -0.014798 -0.007805 -0.017377 0.000092 -0.000003 0.000000 0.006600 0.000000 0.000000 0.000000 0.000000 0.000000 
-0.000066 -0.014798 -0.007805 -0.017377 0.000092 -0.000003 0.000000 0.006600 0.000000 0.000000 0.000000 0.000000 0.000000 
-0.000066 -0.014798 -0.007805 -0.017376 0.000092 -0.000003 0.000000 0.006600 0.000000 0.000000 0.000000 0.000000 0.000000 
-0.000066 -0.014798 -0.007805 -0.017376 0.000092 -0.000003 0.000000 0.006600 0.000000 0.000000 0.000000 0.000000 0.000000 
-0.000066 -0.014797 -0.007805 -0.017377 0.000092 -0.000003 0.000000 0.006600 0.000000 0.000000 0.000000 0.000000 0.000000 
-0.000066 -0.014797 -0.007805 -0.017377 0.000092 -0.000003 0.000000 0.006600 0.000000 0.000000 0.000000 0.000000 0.000000 
-0.000066 -0.014798 -0.007805 -0.017377 0.000092 -0.000003 0.000000 0.006600 0.000000 0.000000 0.000000 0.000000 0.000000 
-0.000066 -0.014798 -0.007805 -0.017376 0.000092 -0.000003 0.000000 0.006600 0.000000 0.000000 0.000000 0.000000 0.000000 
-0.000066 -0.014797 -0.007805 -0.017377 0.000092 -0.000003 0.000000 0.006600 0.000000 0.000000 0.000000 0.000000 0.000000 
-0.000066 -0.014797 -0.007805 -0.017376 0.000092 -0.000003 0.000000 0.006600 0.000000 0.000000 0.000000 0.000000 0.000000 
-0.000066 -0.014797 -0.007805 -0.017376 0.000092 -0.000003 0.000000 0.006600 0.000000 0.000000 0.000000 0.000000 0.000000 
-0.000066 -0.014797 -0.007805 -0.017376 0.000092 -0.000003 0.000000 0.006600 0.000000 0.000000 0.000000 0.000000 0.000000 
-0.000066 -0.014797 -0.007805 -0.017377 0.000092 -0.000003 0.000000 0.006600 0.000000 0.000000 0.000000 0.000000 0.000000 
-0.000066 -0.014798 -0.007805 -0.017376 0.000092 -0.000003 0.000000 0.006600 0.000000 0.000000 0.000000 0.000000 0.000000 
-0.000066 -0.014797 -0.007805 -0.017376 0.000092 -0.000003 0.000000 0.006600 0.000000 0.000000 0.000000 0.000000 0.000000 
-0.000066 -0.014797 -0.007805 -0.017376 0.000092 -0.000003 0.000000 0.006600 0.000000 0.000000 0.000000 0.000000 0.000000 
-0.000066 -0.014797 -0.007805 -0.017377 0.000092 -0.000003 0.000000 0.006600 0.000000 0.000000 0.000000 0.000000 0.000000 
-0.000066 -0.014797 -0.007805 -0.017376 0.000092 -0.000003 0.000000 0.006600 0.000000 0.000000 0.000000 0.000000 0.000000 
-0.000066 -0.014797 -0.007805 -0.017376 0.000092 -0.000003 0.000000 0.006600 0.000000 0.000000 0.000000 0.000000 0.000000 
-0.000066 -0.014797 -0.007805 -0.017376 0.000091 -0.000003 0.000000 0.006600 0.000000 0.000000 0.000000 0.000000 0.000000 
-0.000066 -0.014797 -0.007805 -0.017376 0.000091 -0.000003 0.000000 0.006600 0.000000 0.000000 0.000000 0.000000 0.000000 
-0.000066 -0.014797 -0.007805 -0.017376 0.000091 -0.000003 0.000000 0.006600 0.000000 0.000000 0.000000 0.000000 0.000000 
-0.000066 -0.014797 -0.007805 -0.017376 0.000091 -0.000003 0.000000 0.006600 0.000000 0.000000 0.000000 0.000000 0.000000 
-0.000066 -0.014796 -0.007805 -0.017377 0.000091 -0.000003 0.000000 0.006600 0.000000 0.000000 0.000000 0.000000 0.000000 
-0.000066 -0.014796 -0.007805 -0.017377 0.000091 -0.000003 0.000000 0.006600 0.000000 0.000000 0.000000 0.000000 0.000000 
-0.000066 -0.014796 -0.007805 -0.017377 0.000091 -0.000003 0.000000 0.006600 0.000000 0.000000 0.000000 0.000000 0.000000 
-0.000066 -0.014796 -0.007805 -0.017377 0.000091 -0.000003 0.000000 0.006600 0.000000 0.000000 0.000000 0.000000 0.000000 
-0.000066 -0.014796 -0.007805 -0.017377 0.000092 -0.000003 0.000000 0.006600 0.000000 0.000000 0.000000 0.000000 0.000000 
-0.000066 -0.014796 -0.007805 -0.017377 0.000091 -0.000003 0.000000 0.006600 0.000000 0.000000 0.000000 0.000000 0.000000 
-0.000066 -0.014796 -0.007805 -0.017377 0.000092 -0.000003 0.000000 0.006600 0.000000 0.000000 0.000000 0.000000 0.000000 
-0.000066 -0.014796 -0.007805 -0.017377 0.000091 -0.000003 0.000000 0.006600 0.000000 0.000000 0.000000 0.000000 0.000000 
-0.000066 -0.014796 -0.007805 -0.017377 0.000091 -0.000003 0.000000 0.006600 0.000000 0.000000 0.000000 0.000000 0.000000 
-0.000066 -0.014796 -0.007804 -0.017378 0.000091 -0.000003 0.000000 0.006600 0.000000 0.000000 0.000000 0.000000 0.000000 
-0.000066 -0.014796 -0.007804 -0.017378 0.000091 -0.000003 0.000000 0.006600 0.000000 0.000000 0.000000 0.000000 0.000000 
-0.000066 -0.014797 -0.007804 -0.017377 0.000091 -0.000003 0.000000 0.006600 0.000000 0.000000 0.000000 0.000000 0.000000 
-0.000066 -0.014797 -0.007804 -0.017377 0.000092 -0.000003 0.000000 0.006600 0.000000 0.000000 0.000000 0.000000 0.000000 
-0.000066 -0.014798 -0.007804 -0.017377 0.000092 -0.000003 0.000000 0.006600 0.000000 0.000000 0.000000 0.000000 0.000000 
-0.000066 -0.014798 -0.007804 -0.017377 0.000092 -0.000003 0.000000 0.006600 0.000000 0.000000 0.000000 0.000000 0.000000 
-0.000066 -0.014798 -0.007804 -0.017377 0.000091 -0.000003 0.000000 0.006600 0.000000 0.000000 0.000000 0.000000 0.000000 
-0.000066 -0.014798 -0.007804 -0.017378 0.000091 -0.000003 0.000000 0.006600 0.000000 0.000000 0.000000 0.000000 0.000000 
-0.000066 -0.014798 -0.007804 -0.017379 0.000091 -0.000003 0.000000 0.006600 0.000000 0.000000 0.000000 0.000000 0.000000 
-0.000066 -0.014798 -0.007804 -0.017379 0.000091 -0.000003 0.000000 0.006600 0.000000 0.000000 0.000000 0.000000 0.000000 
-0.000066 -0.014798 -0.007804 -0.017379 0.000091 -0.000003 0.000000 0.006600 0.000000 0.000000 0.000000 0.000000 0.000000 
-0.000066 -0.014797 -0.007804 -0.017380 0.000091 -0.000003 0.000000 0.006600 0.000000 0.000000 0.000000 0.000000 0.000000 
-0.000066 -0.014797 -0.007804 -0.017379 0.000090 -0.000003 0.000000 0.006600 0.000000 0.000000 0.000000 0.000000 0.000000 
-0.000066 -0.014797 -0.007804 -0.017380 0.000090 -0.000003 0.000000 0.006600 0.000000 0.000000 0.000000 0.000000 0.000000 
-0.000066 -0.014797 -0.007804 -0.017380 0.000090 -0.000003 0.000000 0.006600 0.000000 0.000000 0.000000 0.000000 0.000000 
-0.000066 -0.014797 -0.007804 -0.017379 0.000091 -0.000003 0.000000 0.006600 0.000000 0.000000 0.000000 0.000000 0.000000 
-0.000066 -0.014797 -0.007804 -0.017380 0.000090 -0.000003 0.000000 0.006600 0.000000 0.000000 0.000000 0.000000 0.000000 
-0.000066 -0.014797 -0.007804 -0.017380 0.000090 -0.000003 0.000000 0.006600 0.000000 0.000000 0.000000 0.000000 0.000000 
-0.000066 -0.014797 -0.007804 -0.017380 0.000091 -0.000003 0.000000 0.006600 0.000000 0.000000 0.000000 0.000000 0.000000 
-0.000066 -0.014797 -0.007804 -0.017380 0.000090 -0.000003 0.000000 0.006600 0.000000 0.000000 0.000000 0.000000 0.000000 
-0.000066 -0.014796 -0.007804 -0.017380 0.000090 -0.000003 0.000000 0.006600 0.000000 0.000000 0.000000 0.000000 0.000000 
-0.000066 -0.014796 -0.007804 -0.017380 0.000090 -0.000003 0.000000 0.006600 0.000000 0.000000 0.000000 0.000000 0.000000 
-0.000066 -0.014796 -0.007804 -0.017380 0.000090 -0.000003 0.000000 0.006600 0.000000 0.000000 0.000000 0.000000 0.000000 
-0.000066 -0.014796 -0.007804 -0.017380 0.000090 -0.000003 0.000000 0.006600 0.000000 0.000000 0.000000 0.000000 0.000000 
-0.000066 -0.014796 -0.007804 -0.017380 0.000090 -0.000003 0.000000 0.006600 0.000000 0.000000 0.000000 0.000000 0.000000 
-0.000066 -0.014796 -0.007804 -0.017380 0.000090 -0.000003 0.000000 0.006600 0.000000 0.000000 0.000000 0.000000 0.000000 
-0.000066 -0.014797 -0.007804 -0.017380 0.000090 -0.000003 0.000000 0.006600 0.000000 0.000000 0.000000 0.000000 0.000000 
-0.000066 -0.014796 -0.007804 -0.017380 0.000090 -0.000003 0.000000 0.006600 0.000000 0.000000 0.000000 0.000000 0.000000 
-0.000066 -0.014796 -0.007804 -0.017380 0.000090 -0.000003 0.000000 0.006600 0.000000 0.000000 0.000000 0.000000 0.000000 
-0.000066 -0.014796 -0.007804 -0.017380 0.000090 -0.000003 0.000000 0.006600 0.000000 0.000000 0.000000 0.000000 0.000000 
-0.000066 -0.014796 -0.007803 -0.017380 0.000090 -0.000003 0.000000 0.006600 0.000000 0.000000 0.000000 0.000000 0.000000 
-0.000066 -0.014796 -0.007804 -0.017380 0.000090 -0.000003 0.000000 0.006600 0.000000 0.000000 0.000000 0.000000 0.000000 
-0.000066 -0.014796 -0.007804 -0.017380 0.000090 -0.000003 0.000000 0.006600 0.000000 0.000000 0.000000 0.000000 0.000000 
-0.000066 -0.014796 -0.007804 -0.017379 0.000090 -0.000003 0.000000 0.006600 0.000000 0.000000 0.000000 0.000000 0.000000 
-0.000066 -0.014796 -0.007804 -0.017380 0.000090 -0.000003 0.000000 0.006600 0.000000 0.000000 0.000000 0.000000 0.000000 
-0.000066 -0.014796 -0.007804 -0.017380 0.000090 -0.000003 0.000000 0.006600 0.000000 0.000000 0.000000 0.000000 0.000000 
-0.000066 -0.014796 -0.007804 -0.017380 0.000090 -0.000003 0.000000 0.006600 0.000000 0.000000 0.000000 0.000000 0.000000 
-0.000066 -0.014796 -0.007804 -0.017379 0.000090 -0.000003 0.000000 0.006600 0.000000 0.000000 0.000000 0.000000 0.000000 
-0.000066 -0.014795 -0.007804 -0.017380 0.000090 -0.000003 0.000000 0.006600 0.000000 0.000000 0.000000 0.000000 0.000000 
-0.000066 -0.014795 -0.007804 -0.017380 0.000090 -0.000003 0.000000 0.006600 0.000000 0.000000 0.000000 0.000000 0.000000 
-0.000065 -0.014796 -0.007804 -0.017380 0.000090 -0.000003 0.000000 0.006600 0.000000 0.000000 0.000000 0.000000 0.000000 
-0.000066 -0.014796 -0.007804 -0.017380 0.000090 -0.000003 0.000000 0.006600 0.000000 0.000000 0.000000 0.000000 0.000000 
-0.000066 -0.014796 -0.007804 -0.017380 0.000090 -0.000003 0.000000 0.006600 0.000000 0.000000 0.000000 0.000000 0.000000 
-0.000065 -0.014795 -0.007804 -0.017380 0.000090 -0.000003 0.000000 0.006600 0.000000 0.000000 0.000000 0.000000 0.000000 
-0.000065 -0.014796 -0.007804 -0.017380 0.000090 -0.000003 0.000000 0.006600 0.000000 0.000000 0.000000 0.000000 0.000000 
-0.000065 -0.014796 -0.007804 -0.017380 0.000090 -0.000003 0.000000 0.006600 0.000000 0.000000 0.000000 0.000000 0.000000 
-0.000066 -0.014796 -0.007804 -0.017380 0.000090 -0.000003 0.000000 0.006600 0.000000 0.000000 0.000000 0.000000 0.000000 
-0.000065 -0.014795 -0.007804 -0.017380 0.000089 -0.000003 0.000000 0.006600 0.000000 0.000000 0.000000 0.000000 0.000000 
-0.000065 -0.014796 -0.007804 -0.017380 0.000089 -0.000003 0.000000 0.006600 0.000000 0.000000 0.000000 0.000000 0.000000 
-0.000065 -0.014796 -0.007804 -0.017380 0.000090 -0.000003 0.000000 0.006600 0.000000 0.000000 0.000000 0.000000 0.000000 
-0.000065 -0.014796 -0.007804 -0.017380 0.000090 -0.000003 0.000000 0.006600 0.000000 0.000000 0.000000 0.000000 0.000000 
-0.000065 -0.014796 -0.007804 -0.017380 0.000090 -0.000003 0.000000 0.006600 0.000000 0.000000 0.000000 0.000000 0.000000 
-0.000065 -0.014796 -0.007804 -0.017380 0.000090 -0.000003 0.000000 0.006600 0.000000 0.000000 0.000000 0.000000 0.000000 
-0.000065 -0.014796 -0.007804 -0.017380 0.000090 -0.000003 0.000000 0.006600 0.000000 0.000000 0.000000 0.000000 0.000000 
-0.000065 -0.014796 -0.007804 -0.017380 0.000090 -0.000003 0.000000 0.006600 0.000000 0.000000 0.000000 0.000000 0.000000 
-0.000066 -0.014795 -0.007804 -0.017381 0.000090 -0.000003 0.000000 0.006600 0.000000 0.000000 0.000000 0.000000 0.000000 
-0.000066 -0.014796 -0.007804 -0.017380 0.000090 -0.000003 0.000000 0.006600 0.000000 0.000000 0.000000 0.000000 0.000000 
-0.000065 -0.014796 -0.007804 -0.017380 0.000090 -0.000003 0.000000 0.006600 0.000000 0.000000 0.000000 0.000000 0.000000 
-0.000066 -0.014796 -0.007804 -0.017380 0.000090 -0.000003 0.000000 0.006600 0.000000 0.000000 0.000000 0.000000 0.000000 
-0.000066 -0.014796 -0.007804 -0.017380 0.000090 -0.000003 0.000000 0.006600 0.000000 0.000000 0.000000 0.000000 0.000000 
-0.000065 -0.014796 -0.007804 -0.017380 0.000090 -0.000003 0.000000 0.006600 0.000000 0.000000 0.000000 0.000000 0.000000 
-0.000065 -0.014796 -0.007804 -0.017380 0.000090 -0.000003 0.000000 0.006600 0.000000 0.000000 0.000000 0.000000 0.000000 
-0.000065 -0.014795 -0.007804 -0.017380 0.000090 -0.000003 0.000000 0.006600 0.000000 0.000000 0.000000 0.000000 0.000000 
-0.000065 -0.014795 -0.007804 -0.017381 0.000090 -0.000003 0.000000 0.006600 0.000000 0.000000 0.000000 0.000000 0.000000 
-0.000065 -0.014796 -0.007803 -0.017380 0.000090 -0.000003 0.000000 0.006600 0.000000 0.000000 0.000000 0.000000 0.000000 
-0.000065 -0.014796 -0.007804 -0.017380 0.000090 -0.000003 0.000000 0.006600 0.000000 0.000000 0.000000 0.000000 0.000000 
-0.000065 -0.014795 -0.007804 -0.017381 0.000089 -0.000003 0.000000 0.006600 0.000000 0.000000 0.000000 0.000000 0.000000 
-0.000065 -0.014795 -0.007804 -0.017380 0.000089 -0.000003 0.000000 0.006600 0.000000 0.000000 0.000000 0.000000 0.000000 
-0.000065 -0.014796 -0.007804 -0.017380 0.000089 -0.000003 0.000000 0.006600 0.000000 0.000000 0.000000 0.000000 0.000000 
-0.000065 -0.014796 -0.007804 -0.017380 0.000089 -0.000003 0.000000 0.006600 0.000000 0.000000 0.000000 0.000000 0.000000 
-0.000065 -0.014795 -0.007804 -0.017381 0.000089 -0.000003 0.000000 0.006600 0.000000 0.000000 0.000000 0.000000 0.000000 
-0.000065 -0.014795 -0.007804 -0.017380 0.000089 -0.000003 0.000000 0.006600 0.000000 0.000000 0.000000 0.000000 0.000000 
-0.000065 -0.014796 -0.007804 -0.017380 0.000089 -0.000003 0.000000 0.006600 0.000000 0.000000 0.000000 0.000000 0.000000 
-0.000065 -0.014796 -0.007804 -0.017380 0.000089 -0.000003 0.000000 0.006600 0.000000 0.000000 0.000000 0.000000 0.000000 
-0.000065 -0.014796 -0.007804 -0.017380 0.000089 -0.000003 0.000000 0.006600 0.000000 0.000000 0.000000 0.000000 0.000000 
-0.000065 -0.014796 -0.007804 -0.017381 0.000089 -0.000003 0.000000 0.006600 0.000000 0.000000 0.000000 0.000000 0.000000 
-0.000065 -0.014796 -0.007804 -0.017381 0.000089 -0.000003 0.000000 0.006600 0.000000 0.000000 0.000000 0.000000 0.000000 
-0.000065 -0.014796 -0.007804 -0.017381 0.000089 -0.000003 0.000000 0.006600 0.000000 0.000000 0.000000 0.000000 0.000000 
-0.000065 -0.014796 -0.007804 -0.017382 0.000089 -0.000003 0.000000 0.006600 0.000000 0.000000 0.000000 0.000000 0.000000 
-0.000065 -0.014796 -0.007804 -0.017382 0.000089 -0.000003 0.000000 0.006600 0.000000 0.000000 0.000000 0.000000 0.000000 
-0.000065 -0.014796 -0.007804 -0.017381 0.000089 -0.000003 0.000000 0.006600 0.000000 0.000000 0.000000 0.000000 0.000000 
-0.000065 -0.014795 -0.007804 -0.017382 0.000089 -0.000003 0.000000 0.006600 0.000000 0.000000 0.000000 0.000000 0.000000 
-0.000065 -0.014795 -0.007804 -0.017382 0.000089 -0.000003 0.000000 0.006600 0.000000 0.000000 0.000000 0.000000 0.000000 
-0.000065 -0.014795 -0.007804 -0.017382 0.000089 -0.000003 0.000000 0.006600 0.000000 0.000000 0.000000 0.000000 0.000000 
-0.000065 -0.014796 -0.007804 -0.017381 0.000089 -0.000003 0.000000 0.006600 0.000000 0.000000 0.000000 0.000000 0.000000 
-0.000065 -0.014796 -0.007804 -0.017381 0.000089 -0.000003 0.000000 0.006600 0.000000 0.000000 0.000000 0.000000 0.000000 
-0.000065 -0.014796 -0.007804 -0.017381 0.000089 -0.000003 0.000000 0.006600 0.000000 0.000000 0.000000 0.000000 0.000000 
-0.000065 -0.014795 -0.007804 -0.017382 0.000089 -0.000003 0.000000 0.006600 0.000000 0.000000 0.000000 0.000000 0.000000 
-0.000065 -0.014795 -0.007804 -0.017382 0.000089 -0.000003 0.000000 0.006600 0.000000 0.000000 0.000000 0.000000 0.000000 
-0.000065 -0.014796 -0.007804 -0.017382 0.000089 -0.000003 0.000000 0.006600 0.000000 0.000000 0.000000 0.000000 0.000000 
-0.000065 -0.014795 -0.007804 -0.017382 0.000089 -0.000003 0.000000 0.006600 0.000000 0.000000 0.000000 0.000000 0.000000 
-0.000065 -0.014795 -0.007804 -0.017382 0.000089 -0.000003 0.000000 0.006600 0.000000 0.000000 0.000000 0.000000 0.000000 
-0.000065 -0.014796 -0.007804 -0.017382 0.000089 -0.000003 0.000000 0.006600 0.000000 0.000000 0.000000 0.000000 0.000000 
-0.000065 -0.014795 -0.007804 -0.017382 0.000089 -0.000003 0.000000 0.006600 0.000000 0.000000 0.000000 0.000000 0.000000 
-0.000065 -0.014795 -0.007804 -0.017382 0.000089 -0.000003 0.000000 0.006600 0.000000 0.000000 0.000000 0.000000 0.000000 
-0.000065 -0.014795 -0.007804 -0.017382 0.000089 -0.000003 0.000000 0.006600 0.000000 0.000000 0.000000 0.000000 0.000000 
-0.000065 -0.014796 -0.007804 -0.017381 0.000089 -0.000003 0.000000 0.006600 0.000000 0.000000 0.000000 0.000000 0.000000 
-0.000065 -0.014796 -0.007804 -0.017381 0.000089 -0.000003 0.000000 0.006600 0.000000 0.000000 0.000000 0.000000 0.000000 
-0.000065 -0.014796 -0.007804 -0.017381 0.000089 -0.000003 0.000000 0.006600 0.000000 0.000000 0.000000 0.000000 0.000000 
-0.000065 -0.014796 -0.007804 -0.017382 0.000089 -0.000003 0.000000 0.006600 0.000000 0.000000 0.000000 0.000000 0.000000 
-0.000065 -0.014796 -0.007804 -0.017381 0.000089 -0.000003 0.000000 0.006600 0.000000 0.000000 0.000000 0.000000 0.000000 
-0.000065 -0.014796 -0.007804 -0.017382 0.000089 -0.000003 0.000000 0.006600 0.000000 0.000000 0.000000 0.000000 0.000000 
-0.000065 -0.014796 -0.007804 -0.017382 0.000089 -0.000003 0.000000 0.006600 0.000000 0.000000 0.000000 0.000000 0.000000 
-0.000065 -0.014796 -0.007804 -0.017382 0.000089 -0.000003 0.000000 0.006600 0.000000 0.000000 0.000000 0.000000 0.000000 
-0.000065 -0.014796 -0.007804 -0.017383 0.000089 -0.000003 0.000000 0.006600 0.000000 0.000000 0.000000 0.000000 0.000000 
-0.000065 -0.014796 -0.007804 -0.017382 0.000089 -0.000003 0.000000 0.006600 0.000000 0.000000 0.000000 0.000000 0.000000 
-0.000065 -0.014795 -0.007804 -0.017383 0.000089 -0.000003 0.000000 0.006600 0.000000 0.000000 0.000000 0.000000 0.000000 
-0.000065 -0.014795 -0.007804 -0.017383 0.000089 -0.000003 0.000000 0.006600 0.000000 0.000000 0.000000 0.000000 0.000000 
-0.000065 -0.014795 -0.007804 -0.017383 0.000089 -0.000003 0.000000 0.006600 0.000000 0.000000 0.000000 0.000000 0.000000 
-0.000065 -0.014796 -0.007804 -0.017383 0.000088 -0.000003 0.000000 0.006600 0.000000 0.000000 0.000000 0.000000 0.000000 
-0.000065 -0.014795 -0.007804 -0.017383 0.000088 -0.000003 0.000000 0.006600 0.000000 0.000000 0.000000 0.000000 0.000000 
-0.000065 -0.014795 -0.007804 -0.017383 0.000088 -0.000003 0.000000 0.006600 0.000000 0.000000 0.000000 0.000000 0.000000 
-0.000065 -0.014796 -0.007804 -0.017382 0.000088 -0.000003 0.000000 0.006600 0.000000 0.000000 0.000000 0.000000 0.000000 
-0.000065 -0.014795 -0.007804 -0.017382 0.000088 -0.000003 0.000000 0.006600 0.000000 0.000000 0.000000 0.000000 0.000000 
-0.000065 -0.014795 -0.007804 -0.017382 0.000088 -0.000003 0.000000 0.006600 0.000000 0.000000 0.000000 0.000000 0.000000 
-0.000065 -0.014795 -0.007804 -0.017382 0.000088 -0.000003 0.000000 0.006600 0.000000 0.000000 0.000000 0.000000 0.000000 
-0.000065 -0.014795 -0.007804 -0.017382 0.000088 -0.000003 0.000000 0.006600 0.000000 0.000000 0.000000 0.000000 0.000000 
-0.000065 -0.014795 -0.007804 -0.017382 0.000088 -0.000003 0.000000 0.006600 0.000000 0.000000 0.000000 0.000000 0.000000 
-0.000065 -0.014795 -0.007804 -0.017382 0.000088 -0.000003 0.000000 0.006600 0.000000 0.000000 0.000000 0.000000 0.000000 
-0.000065 -0.014796 -0.007804 -0.017382 0.000088 -0.000003 0.000000 0.006600 0.000000 0.000000 0.000000 0.000000 0.000000 
-0.000065 -0.014796 -0.007804 -0.017382 0.000088 -0.000003 0.000000 0.006600 0.000000 0.000000 0.000000 0.000000 0.000000 
-0.000065 -0.014795 -0.007804 -0.017382 0.000088 -0.000003 0.000000 0.006600 0.000000 0.000000 0.000000 0.000000 0.000000 
-0.000065 -0.014795 -0.007804 -0.017382 0.000088 -0.000003 0.000000 0.006600 0.000000 0.000000 0.000000 0.000000 0.000000 
-0.000065 -0.014795 -0.007804 -0.017382 0.000088 -0.000003 0.000000 0.006600 0.000000 0.000000 0.000000 0.000000 0.000000 
-0.000065 -0.014796 -0.007804 -0.017381 0.000088 -0.000003 0.000000 0.006600 0.000000 0.000000 0.000000 0.000000 0.000000 
-0.000065 -0.014796 -0.007804 -0.017381 0.000088 -0.000003 0.000000 0.006600 0.000000 0.000000 0.000000 0.000000 0.000000 
-0.000065 -0.014795 -0.007804 -0.017382 0.000088 -0.000003 0.000000 0.006600 0.000000 0.000000 0.000000 0.000000 0.000000 
-0.000065 -0.014796 -0.007804 -0.017381 0.000088 -0.000003 0.000000 0.006600 0.000000 0.000000 0.000000 0.000000 0.000000 
-0.000065 -0.014796 -0.007804 -0.017381 0.000088 -0.000003 0.000000 0.006600 0.000000 0.000000 0.000000 0.000000 0.000000 
-0.000065 -0.014796 -0.007804 -0.017381 0.000088 -0.000003 0.000000 0.006600 0.000000 0.000000 0.000000 0.000000 0.000000 
-0.000065 -0.014795 -0.007804 -0.017382 0.000088 -0.000003 0.000000 0.006600 0.000000 0.000000 0.000000 0.000000 0.000000 
-0.000065 -0.014795 -0.007804 -0.017382 0.000088 -0.000003 0.000000 0.006600 0.000000 0.000000 0.000000 0.000000 0.000000 
-0.000065 -0.014796 -0.007804 -0.017381 0.000088 -0.000003 0.000000 0.006600 0.000000 0.000000 0.000000 0.000000 0.000000 
-0.000065 -0.014796 -0.007804 -0.017381 0.000088 -0.000003 0.000000 0.006600 0.000000 0.000000 0.000000 0.000000 0.000000 
-0.000065 -0.014795 -0.007804 -0.017382 0.000088 -0.000003 0.000000 0.006600 0.000000 0.000000 0.000000 0.000000 0.000000 
-0.000065 -0.014795 -0.007804 -0.017382 0.000088 -0.000003 0.000000 0.006600 0.000000 0.000000 0.000000 0.000000 0.000000 
-0.000065 -0.014796 -0.007804 -0.017381 0.000088 -0.000003 0.000000 0.006600 0.000000 0.000000 0.000000 0.000000 0.000000 
-0.000065 -0.014796 -0.007804 -0.017381 0.000088 -0.000003 0.000000 0.006600 0.000000 0.000000 0.000000 0.000000 0.000000 
-0.000065 -0.014795 -0.007804 -0.017382 0.000088 -0.000003 0.000000 0.006600 0.000000 0.000000 0.000000 0.000000 0.000000 
-0.000065 -0.014795 -0.007804 -0.017382 0.000088 -0.000003 0.000000 0.006600 0.000000 0.000000 0.000000 0.000000 0.000000 
-0.000065 -0.014796 -0.007803 -0.017381 0.000088 -0.000003 0.000000 0.006600 0.000000 0.000000 0.000000 0.000000 0.000000 
-0.000065 -0.014796 -0.007804 -0.017381 0.000088 -0.000003 0.000000 0.006600 0.000000 0.000000 0.000000 0.000000 0.000000 
-0.000065 -0.014795 -0.007804 -0.017381 0.000088 -0.000003 0.000000 0.006600 0.000000 0.000000 0.000000 0.000000 0.000000 
-0.000065 -0.014795 -0.007804 -0.017381 0.000088 -0.000003 0.000000 0.006600 0.000000 0.000000 0.000000 0.000000 0.000000 
-0.000065 -0.014795 -0.007804 -0.017381 0.000088 -0.000003 0.000000 0.006600 0.000000 0.000000 0.000000 0.000000 0.000000 
-0.000065 -0.014796 -0.007803 -0.017381 0.000088 -0.000003 0.000000 0.006600 0.000000 0.000000 0.000000 0.000000 0.000000 
-0.000065 -0.014795 -0.007804 -0.017381 0.000088 -0.000003 0.000000 0.006600 0.000000 0.000000 0.000000 0.000000 0.000000 
-0.000065 -0.014795 -0.007804 -0.017382 0.000088 -0.000003 0.000000 0.006600 0.000000 0.000000 0.000000 0.000000 0.000000 
-0.000065 -0.014796 -0.007804 -0.017381 0.000088 -0.000003 0.000000 0.006600 0.000000 0.000000 0.000000 0.000000 0.000000 
-0.000065 -0.014796 -0.007804 -0.017381 0.000088 -0.000003 0.000000 0.006600 0.000000 0.000000 0.000000 0.000000 0.000000 
-0.000065 -0.014795 -0.007804 -0.017381 0.000088 -0.000003 0.000000 0.006600 0.000000 0.000000 0.000000 0.000000 0.000000 
-0.000065 -0.014795 -0.007804 -0.017381 0.000088 -0.000003 0.000000 0.006600 0.000000 0.000000 0.000000 0.000000 0.000000 
-0.000065 -0.014796 -0.007804 -0.017381 0.000088 -0.000003 0.000000 0.006600 0.000000 0.000000 0.000000 0.000000 0.000000 
-0.000065 -0.014796 -0.007804 -0.017381 0.000088 -0.000003 0.000000 0.006600 0.000000 0.000000 0.000000 0.000000 0.000000 
-0.000065 -0.014796 -0.007804 -0.017381 0.000088 -0.000003 0.000000 0.006600 0.000000 0.000000 0.000000 0.000000 0.000000 
-0.000065 -0.014795 -0.007804 -0.017381 0.000088 -0.000003 0.000000 0.006600 0.000000 0.000000 0.000000 0.000000 0.000000 
-0.000065 -0.014796 -0.007804 -0.017381 0.000088 -0.000003 0.000000 0.006600 0.000000 0.000000 0.000000 0.000000 0.000000 
-0.000065 -0.014796 -0.007804 -0.017381 0.000088 -0.000003 0.000000 0.006600 0.000000 0.000000 0.000000 0.000000 0.000000 
-0.000065 -0.014796 -0.007804 -0.017381 0.000089 -0.000003 0.000000 0.006600 0.000000 0.000000 0.000000 0.000000 0.000000 
-0.000065 -0.014796 -0.007804 -0.017381 0.000089 -0.000003 0.000000 0.006600 0.000000 0.000000 0.000000 0.000000 0.000000 
-0.000065 -0.014796 -0.007804 -0.017381 0.000089 -0.000003 0.000000 0.006600 0.000000 0.000000 0.000000 0.000000 0.000000 
-0.000065 -0.014796 -0.007804 -0.017381 0.000089 -0.000003 0.000000 0.006600 0.000000 0.000000 0.000000 0.000000 0.000000 
-0.000065 -0.014795 -0.007804 -0.017381 0.000089 -0.000003 0.000000 0.006600 0.000000 0.000000 0.000000 0.000000 0.000000 
-0.000065 -0.014795 -0.007804 -0.017381 0.000089 -0.000003 0.000000 0.006600 0.000000 0.000000 0.000000 0.000000 0.000000 
-0.000065 -0.014796 -0.007804 -0.017381 0.000089 -0.000003 0.000000 0.006600 0.000000 0.000000 0.000000 0.000000 0.000000 
-0.000065 -0.014796 -0.007804 -0.017381 0.000089 -0.000003 0.000000 0.006600 0.000000 0.000000 0.000000 0.000000 0.000000 
-0.000065 -0.014795 -0.007804 -0.017381 0.000089 -0.000003 0.000000 0.006600 0.000000 0.000000 0.000000 0.000000 0.000000 
-0.000065 -0.014796 -0.007804 -0.017381 0.000089 -0.000003 0.000000 0.006600 0.000000 0.000000 0.000000 0.000000 0.000000 
-0.000065 -0.014796 -0.007804 -0.017381 0.000089 -0.000003 0.000000 0.006600 0.000000 0.000000 0.000000 0.000000 0.000000 
-0.000065 -0.014796 -0.007804 -0.017381 0.000089 -0.000003 0.000000 0.006600 0.000000 0.000000 0.000000 0.000000 0.000000 
-0.000065 -0.014795 -0.007804 -0.017381 0.000089 -0.000003 0.000000 0.006600 0.000000 0.000000 0.000000 0.000000 0.000000 
-0.000065 -0.014795 -0.007804 -0.017381 0.000088 -0.000003 0.000000 0.006600 0.000000 0.000000 0.000000 0.000000 0.000000 
-0.000065 -0.014796 -0.007804 -0.017381 0.000088 -0.000003 0.000000 0.006600 0.000000 0.000000 0.000000 0.000000 0.000000 
-0.000065 -0.014795 -0.007804 -0.017382 0.000088 -0.000003 0.000000 0.006600 0.000000 0.000000 0.000000 0.000000 0.000000 
-0.000065 -0.014795 -0.007804 -0.017382 0.000088 -0.000003 0.000000 0.006600 0.000000 0.000000 0.000000 0.000000 0.000000 
-0.000065 -0.014796 -0.007804 -0.017382 0.000088 -0.000003 0.000000 0.006600 0.000000 0.000000 0.000000 0.000000 0.000000 
-0.000065 -0.014796 -0.007804 -0.017382 0.000088 -0.000003 0.000000 0.006600 0.000000 0.000000 0.000000 0.000000 0.000000 
-0.000065 -0.014796 -0.007804 -0.017382 0.000088 -0.000003 0.000000 0.006600 0.000000 0.000000 0.000000 0.000000 0.000000 
-0.000065 -0.014796 -0.007804 -0.017382 0.000088 -0.000003 0.000000 0.006600 0.000000 0.000000 0.000000 0.000000 0.000000 
-0.000065 -0.014796 -0.007804 -0.017382 0.000088 -0.000003 0.000000 0.006600 0.000000 0.000000 0.000000 0.000000 0.000000 
-0.000065 -0.014796 -0.007804 -0.017383 0.000088 -0.000003 0.000000 0.006600 0.000000 0.000000 0.000000 0.000000 0.000000 
-0.000065 -0.014796 -0.007804 -0.017383 0.000088 -0.000003 0.000000 0.006600 0.000000 0.000000 0.000000 0.000000 0.000000 
-0.000065 -0.014796 -0.007804 -0.017383 0.000088 -0.000003 0.000000 0.006600 0.000000 0.000000 0.000000 0.000000 0.000000 
-0.000065 -0.014796 -0.007804 -0.017382 0.000088 -0.000003 0.000000 0.006600 0.000000 0.000000 0.000000 0.000000 0.000000 
-0.000065 -0.014796 -0.007804 -0.017382 0.000088 -0.000003 0.000000 0.006600 0.000000 0.000000 0.000000 0.000000 0.000000 
-0.000065 -0.014796 -0.007804 -0.017382 0.000088 -0.000003 0.000000 0.006600 0.000000 0.000000 0.000000 0.000000 0.000000 
-0.000065 -0.014796 -0.007803 -0.017383 0.000088 -0.000003 0.000000 0.006600 0.000000 0.000000 0.000000 0.000000 0.000000 
-0.000065 -0.014796 -0.007804 -0.017382 0.000088 -0.000003 0.000000 0.006600 0.000000 0.000000 0.000000 0.000000 0.000000 
-0.000065 -0.014796 -0.007804 -0.017382 0.000088 -0.000003 0.000000 0.006600 0.000000 0.000000 0.000000 0.000000 0.000000 
-0.000065 -0.014796 -0.007804 -0.017382 0.000088 -0.000003 0.000000 0.006600 0.000000 0.000000 0.000000 0.000000 0.000000 
-0.000065 -0.014796 -0.007804 -0.017382 0.000089 -0.000003 0.000000 0.006600 0.000000 0.000000 0.000000 0.000000 0.000000 
-0.000065 -0.014796 -0.007804 -0.017382 0.000088 -0.000003 0.000000 0.006600 0.000000 0.000000 0.000000 0.000000 0.000000 
-0.000065 -0.014796 -0.007804 -0.017382 0.000088 -0.000003 0.000000 0.006600 0.000000 0.000000 0.000000 0.000000 0.000000 
-0.000065 -0.014796 -0.007804 -0.017382 0.000089 -0.000003 0.000000 0.006600 0.000000 0.000000 0.000000 0.000000 0.000000 
-0.000065 -0.014796 -0.007803 -0.017382 0.000089 -0.000003 0.000000 0.006600 0.000000 0.000000 0.000000 0.000000 0.000000 
-0.000065 -0.014796 -0.007804 -0.017382 0.000089 -0.000003 0.000000 0.006600 0.000000 0.000000 0.000000 0.000000 0.000000 
-0.000065 -0.014796 -0.007804 -0.017382 0.000089 -0.000003 0.000000 0.006600 0.000000 0.000000 0.000000 0.000000 0.000000 
-0.000065 -0.014796 -0.007804 -0.017382 0.000089 -0.000003 0.000000 0.006600 0.000000 0.000000 0.000000 0.000000 0.000000 
-0.000065 -0.014795 -0.007804 -0.017382 0.000089 -0.000003 0.000000 0.006600 0.000000 0.000000 0.000000 0.000000 0.000000 
-0.000065 -0.014795 -0.007804 -0.017382 0.000089 -0.000003 0.000000 0.006600 0.000000 0.000000 0.000000 0.000000 0.000000 
-0.000065 -0.014795 -0.007804 -0.017381 0.000089 -0.000003 0.000000 0.006600 0.000000 0.000000 0.000000 0.000000 0.000000 
-0.000065 -0.014795 -0.007804 -0.017381 0.000089 -0.000003 0.000000 0.006600 0.000000 0.000000 0.000000 0.000000 0.000000 
-0.000065 -0.014795 -0.007804 -0.017381 0.000089 -0.000003 0.000000 0.006600 0.000000 0.000000 0.000000 0.000000 0.000000 
-0.000065 -0.014795 -0.007804 -0.017381 0.000089 -0.000003 0.000000 0.006600 0.000000 0.000000 0.000000 0.000000 0.000000 
-0.000065 -0.014795 -0.007803 -0.017381 0.000089 -0.000003 0.000000 0.006600 0.000000 0.000000 0.000000 0.000000 0.000000 
-0.000065 -0.014795 -0.007804 -0.017381 0.000089 -0.000003 0.000000 0.006600 0.000000 0.000000 0.000000 0.000000 0.000000 
-0.000065 -0.014795 -0.007804 -0.017382 0.000089 -0.000003 0.000000 0.006600 0.000000 0.000000 0.000000 0.000000 0.000000 
-0.000065 -0.014795 -0.007804 -0.017382 0.000089 -0.000003 0.000000 0.006600 0.000000 0.000000 0.000000 0.000000 0.000000 
-0.000065 -0.014796 -0.007804 -0.017381 0.000089 -0.000003 0.000000 0.006600 0.000000 0.000000 0.000000 0.000000 0.000000 
-0.000065 -0.014796 -0.007804 -0.017381 0.000089 -0.000003 0.000000 0.006600 0.000000 0.000000 0.000000 0.000000 0.000000 
-0.000065 -0.014795 -0.007804 -0.017381 0.000089 -0.000003 0.000000 0.006600 0.000000 0.000000 0.000000 0.000000 0.000000 
-0.000065 -0.014796 -0.007804 -0.017381 0.000089 -0.000003 0.000000 0.006600 0.000000 0.000000 0.000000 0.000000 0.000000 
-0.000065 -0.014795 -0.007804 -0.017381 0.000089 -0.000003 0.000000 0.006600 0.000000 0.000000 0.000000 0.000000 0.000000 
-0.000065 -0.014796 -0.007804 -0.017381 0.000089 -0.000003 0.000000 0.006600 0.000000 0.000000 0.000000 0.000000 0.000000 
-0.000065 -0.014795 -0.007804 -0.017382 0.000088 -0.000003 0.000000 0.006600 0.000000 0.000000 0.000000 0.000000 0.000000 
-0.000065 -0.014795 -0.007804 -0.017381 0.000088 -0.000003 0.000000 0.006600 0.000000 0.000000 0.000000 0.000000 0.000000 
-0.000065 -0.014796 -0.007804 -0.017381 0.000089 -0.000003 0.000000 0.006600 0.000000 0.000000 0.000000 0.000000 0.000000 
-0.000065 -0.014795 -0.007804 -0.017381 0.000088 -0.000003 0.000000 0.006600 0.000000 0.000000 0.000000 0.000000 0.000000 
-0.000065 -0.014795 -0.007804 -0.017381 0.000088 -0.000003 0.000000 0.006600 0.000000 0.000000 0.000000 0.000000 0.000000 
-0.000065 -0.014795 -0.007804 -0.017381 0.000088 -0.000003 0.000000 0.006600 0.000000 0.000000 0.000000 0.000000 0.000000 
-0.000065 -0.014795 -0.007804 -0.017381 0.000088 -0.000003 0.000000 0.006600 0.000000 0.000000 0.000000 0.000000 0.000000 
-0.000065 -0.014796 -0.007804 -0.017381 0.000088 -0.000003 0.000000 0.006600 0.000000 0.000000 0.000000 0.000000 0.000000 
-0.000065 -0.014795 -0.007804 -0.017382 0.000088 -0.000003 0.000000 0.006600 0.000000 0.000000 0.000000 0.000000 0.000000 
-0.000065 -0.014795 -0.007804 -0.017382 0.000088 -0.000003 0.000000 0.006600 0.000000 0.000000 0.000000 0.000000 0.000000 
-0.000065 -0.014795 -0.007804 -0.017382 0.000088 -0.000003 0.000000 0.006600 0.000000 0.000000 0.000000 0.000000 0.000000 
-0.000065 -0.014796 -0.007804 -0.017381 0.000088 -0.000003 0.000000 0.006600 0.000000 0.000000 0.000000 0.000000 0.000000 
-0.000065 -0.014795 -0.007804 -0.017382 0.000088 -0.000003 0.000000 0.006600 0.000000 0.000000 0.000000 0.000000 0.000000 
-0.000065 -0.014795 -0.007804 -0.017382 0.000088 -0.000003 0.000000 0.006600 0.000000 0.000000 0.000000 0.000000 0.000000 
-0.000065 -0.014796 -0.007804 -0.017381 0.000088 -0.000003 0.000000 0.006600 0.000000 0.000000 0.000000 0.000000 0.000000 
-0.000065 -0.014796 -0.007804 -0.017381 0.000088 -0.000003 0.000000 0.006600 0.000000 0.000000 0.000000 0.000000 0.000000 
-0.000065 -0.014795 -0.007804 -0.017381 0.000088 -0.000003 0.000000 0.006600 0.000000 0.000000 0.000000 0.000000 0.000000 
-0.000065 -0.014795 -0.007804 -0.017382 0.000088 -0.000003 0.000000 0.006600 0.000000 0.000000 0.000000 0.000000 0.000000 
-0.000065 -0.014795 -0.007804 -0.017382 0.000088 -0.000003 0.000000 0.006600 0.000000 0.000000 0.000000 0.000000 0.000000 
-0.000065 -0.014795 -0.007804 -0.017381 0.000088 -0.000003 0.000000 0.006600 0.000000 0.000000 0.000000 0.000000 0.000000 
-0.000065 -0.014795 -0.007804 -0.017382 0.000088 -0.000003 0.000000 0.006600 0.000000 0.000000 0.000000 0.000000 0.000000 
-0.000065 -0.014795 -0.007804 -0.017382 0.000088 -0.000003 0.000000 0.006600 0.000000 0.000000 0.000000 0.000000 0.000000 
-0.000065 -0.014796 -0.007804 -0.017381 0.000088 -0.000003 0.000000 0.006600 0.000000 0.000000 0.000000 0.000000 0.000000 
-0.000065 -0.014796 -0.007804 -0.017381 0.000088 -0.000003 0.000000 0.006600 0.000000 0.000000 0.000000 0.000000 0.000000 
-0.000065 -0.014795 -0.007804 -0.017382 0.000088 -0.000003 0.000000 0.006600 0.000000 0.000000 0.000000 0.000000 0.000000 
-0.000065 -0.014795 -0.007804 -0.017382 0.000088 -0.000003 0.000000 0.006600 0.000000 0.000000 0.000000 0.000000 0.000000 
-0.000065 -0.014796 -0.007804 -0.017381 0.000088 -0.000003 0.000000 0.006600 0.000000 0.000000 0.000000 0.000000 0.000000 
-0.000065 -0.014796 -0.007804 -0.017381 0.000088 -0.000003 0.000000 0.006600 0.000000 0.000000 0.000000 0.000000 0.000000 
-0.000065 -0.014795 -0.007804 -0.017381 0.000088 -0.000003 0.000000 0.006600 0.000000 0.000000 0.000000 0.000000 0.000000 
-0.000065 -0.014795 -0.007804 -0.017381 0.000088 -0.000003 0.000000 0.006600 0.000000 0.000000 0.000000 0.000000 0.000000 
-0.000065 -0.014796 -0.007804 -0.017381 0.000088 -0.000003 0.000000 0.006600 0.000000 0.000000 0.000000 0.000000 0.000000 
-0.000065 -0.014796 -0.007804 -0.017381 0.000088 -0.000003 0.000000 0.006600 0.000000 0.000000 0.000000 0.000000 0.000000 
-0.000065 -0.014795 -0.007804 -0.017381 0.000088 -0.000003 0.000000 0.006600 0.000000 0.000000 0.000000 0.000000 0.000000 
-0.000065 -0.014795 -0.007804 -0.017382 0.000088 -0.000003 0.000000 0.006600 0.000000 0.000000 0.000000 0.000000 0.000000 
-0.000065 -0.014795 -0.007804 -0.017381 0.000088 -0.000003 0.000000 0.006600 0.000000 0.000000 0.000000 0.000000 0.000000 
-0.000065 -0.014795 -0.007804 -0.017381 0.000088 -0.000003 0.000000 0.006600 0.000000 0.000000 0.000000 0.000000 0.000000 
-0.000065 -0.014795 -0.007804 -0.017382 0.000088 -0.000003 0.000000 0.006600 0.000000 0.000000 0.000000 0.000000 0.000000 
-0.000065 -0.014795 -0.007804 -0.017381 0.000088 -0.000003 0.000000 0.006600 0.000000 0.000000 0.000000 0.000000 0.000000 
-0.000065 -0.014795 -0.007804 -0.017382 0.000088 -0.000003 0.000000 0.006600 0.000000 0.000000 0.000000 0.000000 0.000000 
-0.000065 -0.014796 -0.007804 -0.017381 0.000088 -0.000003 0.000000 0.006600 0.000000 0.000000 0.000000 0.000000 0.000000 
-0.000065 -0.014795 -0.007804 -0.017382 0.000088 -0.000003 0.000000 0.006600 0.000000 0.000000 0.000000 0.000000 0.000000 
-0.000065 -0.014795 -0.007804 -0.017382 0.000088 -0.000003 0.000000 0.006600 0.000000 0.000000 0.000000 0.000000 0.000000 
-0.000065 -0.014796 -0.007804 -0.017381 0.000088 -0.000003 0.000000 0.006600 0.000000 0.000000 0.000000 0.000000 0.000000 
-0.000065 -0.014795 -0.007804 -0.017382 0.000088 -0.000003 0.000000 0.006600 0.000000 0.000000 0.000000 0.000000 0.000000 
-0.000065 -0.014795 -0.007804 -0.017382 0.000088 -0.000003 0.000000 0.006600 0.000000 0.000000 0.000000 0.000000 0.000000 
-0.000065 -0.014796 -0.007804 -0.017382 0.000088 -0.000003 0.000000 0.006600 0.000000 0.000000 0.000000 0.000000 0.000000 
-0.000065 -0.014796 -0.007804 -0.017382 0.000088 -0.000003 0.000000 0.006600 0.000000 0.000000 0.000000 0.000000 0.000000 
